507.351
509.602
474.226
456.413
475.007
505.695
510.352
476.132
456.351
474.726
505.82
510.477
474.57
456.976
475.726
507.164
509.977
476.82
456.569
475.851
507.32
508.883
475.226
455.913
474.507
505.633
509.633
474.788
455.444
474.882
506.008
508.289
474.382
456.069
474.851
505.664
509.539
474.788
456.163
475.32
505.789
509.383
475.257
456.351
474.82
506.32
510.164
474.601
456.194
475.695
505.82
510.008
475.82
455.694
475.007
506.695
509.789
474.757
456.632
475.445
505.82
510.445
475.289
455.757
475.664
506.383
509.164
474.882
456.382
474.82
505.914
510.102
476.539
455.913
475.195
506.133
509.164
474.945
455.788
473.507
505.976
509.977
474.132
455.976
475.289
505.476
509.352
474.288
456.007
473.82
505.82
509.695
474.163
456.069
475.038
505.07
509.445
475.007
455.788
474.288
505.476
509.352
474.663
455.913
475.07
505.476
510.008
475.164
455.257
474.726
505.539
508.695
474.195
455.726
474.32
504.695
509.82
476.164
455.632
476.164
506.633
507.445
475.539
456.538
474.695
506.445
510.164
475.726
456.038
474.695
505.758
509.039
475.476
455.882
474.32
505.258
510.164
474.507
456.476
475.164
506.82
509.445
474.976
455.757
474.038
506.32
509.477
474.476
456.538
474.976
504.82
509.602
476.101
455.257
475.132
505.383
509.352
474.882
456.351
474.57
505.008
509.633
475.414
455.632
475.195
505.601
508.633
475.445
456.351
474.007
505.508
509.883
475.007
456.194
475.382
505.508
509.008
474.757
456.257
474.132
505.789
510.039
474.226
456.132
474.945
504.789
509.758
476.101
456.069
474.445
506.039
509.32
474.945
455.976
474.601
504.758
509.758
475.789
455.069
474.882
505.445
509.039
475.539
456.444
474.445
505.07
509.57
474.913
455.288
475.414
504.82
509.195
475.351
456.944
475.32
505.789
510.164
475.195
456.319
474.757
504.976
509.227
475.445
455.476
474.32
505.914
509.602
475.038
456.351
474.851
504.633
509.289
476.007
455.444
474.601
505.258
509.352
474.726
456.069
474.882
505.07
509.883
475.945
455.194
475.476
505.726
508.758
475.945
456.413
474.601
505.164
509.664
475.289
455.694
475.07
505.008
508.477
475.914
456.257
474.288
505.101
509.445
474.695
456.163
475.226
505.164
509.695
475.757
455.757
474.382
505.539
509.289
474.601
456.444
474.851
504.508
509.633
475.445
455.726
475.164
505.32
509.195
475.226
456.351
474.757
505.07
509.789
476.007
455.351
475.257
505.383
508.508
476.226
456.444
474.57
505.07
509.945
475.82
456.288
475.445
505.008
509.602
476.132
455.694
474.288
504.976
509.508
475.038
456.069
475.164
504.57
509.664
476.195
455.726
474.882
505.539
509.258
475.101
455.694
475.07
504.258
509.945
476.132
454.569
475.445
505.476
508.727
475.601
456.038
474.788
504.883
509.664
476.039
455.757
475.382
505.539
509.008
476.195
455.882
474.57
505.133
509.383
475.632
456.101
474.913
505.476
509.102
476.226
455.663
474.601
505.914
509.477
475.007
456.194
474.976
504.32
509.758
476.132
455.101
474.851
505.289
508.883
475.007
456.194
474.695
504.445
509.539
476.007
455.413
474.882
505.633
508.602
475.789
456.101
474.976
505.008
509.633
476.007
456.194
475.226
505.133
508.602
476.07
455.569
474.476
505.164
509.977
474.601
455.976
475.038
505.039
509.133
476.351
455.507
474.07
505.82
509.602
474.82
456.163
475.007
504.289
509.164
476.07
455.351
474.945
505.695
509.164
475.945
455.663
474.476
504.82
509.508
475.914
454.851
475.539
505.383
508.57
476.289
456.132
474.351
505.351
509.508
475.289
456.382
475.132
504.945
509.32
475.601
455.882
473.945
506.039
509.789
475.289
456.226
475.132
505.101
509.352
476.57
455.257
474.476
505.476
509.133
476.101
456.226
474.976
504.789
510.133
475.945
455.319
475.351
505.195
508.727
476.039
456.413
474.757
505.07
509.414
475.414
456.038
474.851
505.195
508.82
475.726
455.944
474.07
504.789
509.883
474.945
456.069
475.038
504.851
509.508
475.695
455.976
474.57
505.414
509.82
474.195
456.194
474.788
504.351
509.883
476.226
455.226
474.82
505.258
509.289
474.851
456.132
475.07
505.008
510.07
476.132
455.257
474.726
506.039
509.602
476.32
456.601
474.445
505.633
509.914
475.101
456.476
475.57
505.164
509.227
476.007
456.069
474.695
506.07
509.727
475.32
456.351
475.164
504.445
509.977
476.164
456.007
475.07
505.32
509.414
475.851
456.507
475.038
505.07
510.07
476.07
455.163
475.32
505.133
509.32
475.945
455.944
474.788
505.195
510.102
475.757
456.163
475.539
505.539
509.32
475.882
456.069
474.132
504.945
509.977
475.32
455.976
475.476
505.008
509.445
476.382
455.819
474.538
505.539
510.008
475.164
456.382
474.788
504.539
509.883
476.226
455.413
475.445
505.695
509.602
476.101
456.101
474.882
504.508
510.227
475.632
455.663
475.757
505.164
509.164
476.226
456.226
474.195
505.195
509.914
475.226
456.038
475.445
505.289
509.57
475.976
456.132
474.507
505.914
510.57
475.32
455.726
475.382
505.101
509.852
475.726
455.944
474.226
505.726
510.445
475.539
456.444
475.414
504.633
510.07
476.039
455.351
475.038
505.101
509.789
475.289
456.319
474.945
504.164
510.227
475.664
455.257
475.726
504.976
509.07
476.039
455.851
474.57
504.945
509.852
475.851
455.569
475.382
504.945
509.195
476.414
455.851
474.007
505.008
509.539
475.164
455.851
475.038
504.726
509.383
476.289
455.101
474.913
504.883
509.789
475.414
455.694
474.882
504.758
509.82
475.664
454.569
475.351
505.226
509.57
475.851
456.101
474.851
504.851
509.508
475.757
454.819
474.695
504.789
508.914
475.664
455.788
474.288
504.633
509.664
475.382
455.788
474.695
505.07
509.07
476.195
455.944
474.476
504.976
509.477
475.101
455.694
475.132
504.351
509.383
476.195
455.288
474.476
505.258
509.289
475.195
455.569
474.82
504.32
509.82
476.226
454.382
475.007
504.914
508.977
475.851
455.632
474.788
504.539
509.758
476.132
454.944
474.82
504.883
508.133
475.476
455.882
474.445
504.883
509.883
475.414
455.569
474.976
504.883
509.508
476.132
455.632
474.288
505.226
509.664
474.851
455.413
474.57
504.226
510.07
476.164
455.132
474.82
505.164
509.539
475.82
455.976
475.101
504.351
509.852
476.132
454.507
475.195
505.164
509.008
475.82
455.694
474.57
504.883
510.164
476.164
454.601
475.539
505.476
509.133
476.507
455.726
474.695
505.445
509.758
475.164
456.007
475.539
505.101
509.477
476.851
455.319
474.507
505.664
510.102
475.882
455.757
474.788
504.82
510.227
476.445
455.132
475.226
505.133
509.508
476.132
455.569
475.289
504.445
510.039
476.351
455.194
475.57
505.039
508.352
475.695
455.444
475.757
505.758
503.383
477.226
455.913
476.851
506.851
510.633
477.132
455.632
475.726
505.914
511.07
475.945
456.507
475.226
504.133
510.508
476.351
454.538
475.07
504.758
509.445
475.32
455.757
474.695
504.476
509.664
476.476
454.476
475.32
505.258
508.945
476.695
455.351
474.476
505.351
509.82
476.414
455.101
475.007
504.945
508.57
476.382
454.944
474.913
504.851
509.977
475.726
455.476
474.695
504.383
510.102
476.507
455.319
474.507
505.508
509.883
474.882
455.601
475.07
504.258
509.633
476.445
454.319
474.945
505.164
509.633
475.695
455.413
474.757
504.351
509.695
475.82
454.132
475.257
504.914
508.539
476.507
455.163
475.195
504.539
509.914
475.757
455.476
474.945
504.195
509.32
476.07
454.976
474.476
505.508
509.602
475.445
455.444
474.945
504.445
509.727
476.476
454.788
474.132
505.008
509.07
476.007
455.163
475.132
504.601
509.414
476.726
454.413
474.882
504.601
508.82
476.32
455.257
474.632
504.726
509.445
476.07
454.882
475.132
504.476
508.914
476.007
455.226
473.663
505.039
509.508
475.414
455.601
475.289
504.726
508.539
477.039
454.913
474.288
505.008
509.508
475.476
455.382
475.132
504.164
509.664
476.914
454.694
474.507
505.164
509.539
476.132
455.444
475.038
504.258
510.039
477.007
454.819
475.32
505.008
508.945
477.039
456.007
474.601
505.133
509.758
475.695
455.569
475.038
504.758
510.008
476.976
455.101
474.101
505.883
509.82
476.195
455.601
474.851
504.289
509.789
477.445
455.257
474.788
505.57
509.539
476.414
455.757
475.164
504.601
510.289
477.07
454.601
475.132
504.883
508.914
476.882
455.444
474.695
505.914
510.102
476.382
455.663
475.539
505.101
509.414
477.039
455.663
474.351
505.226
511.102
476.945
456.069
475.038
504.383
509.883
477.007
454.944
474.007
505.476
509.57
476.476
455.382
474.507
504.226
509.82
477.007
454.382
474.913
505.32
509.352
476.695
455.413
474.695
504.476
510.008
476.882
454.569
475.382
505.101
508.383
477.007
455.538
473.788
505.164
509.82
476.257
455.601
474.882
505.226
509.195
476.632
454.882
474.413
504.445
510.102
476.57
455.351
475.101
504.289
509.852
476.945
454.819
473.976
504.914
509.352
476.695
455.632
474.913
504.57
510.008
476.945
454.194
475.164
505.164
508.945
476.914
455.569
474.163
505.226
509.789
476.82
455.319
474.913
504.945
508.82
476.976
455.226
473.726
505.164
508.227
476.789
455.882
474.788
505.101
508.945
477.164
455.351
473.726
505.508
509.383
476.382
455.507
474.57
504.258
509.664
476.82
454.913
474.726
504.976
509.664
476.414
455.319
474.07
504.258
510.07
476.945
453.944
474.57
