486.414
482.07
481.851
484.851
488.726
485.601
482.039
481.851
484.57
487.757
485.164
481.539
481.226
484.695
488.351
485.289
483.132
482.945
485.164
488.695
485.914
482.914
482.195
485.007
487.882
485.164
481.914
482.101
483.507
488.351
485.132
481.601
482.195
484.164
487.164
484.789
482.32
481.57
484.007
487.945
485.101
481.476
482.539
485.132
487.101
485.789
482.695
481.476
485.351
488.851
484.757
481.976
482.57
484.257
488.195
485.664
483.007
481.664
484.664
487.82
485.382
482.32
482.82
484.757
488.226
486.195
482.945
482.445
484.882
487.82
485.476
482.914
482.257
484.789
488.851
485.757
482.351
482.476
485.757
487.07
485.695
482.164
481.382
484.07
488.101
485.039
481.695
482.226
484.195
487.539
485.007
482.414
480.851
484.476
487.914
484.382
481.539
482.101
484.195
488.039
485.757
482.039
481.195
484.601
487.539
484.195
481.789
482.164
484.32
488.007
485.57
481.57
482.257
484.476
487.445
484.257
482.695
482.195
483.757
488.195
485.195
482.664
483.226
484.851
488.195
485.851
483.351
482.164
484.132
488.289
485.132
481.289
481.726
485.789
487.945
485.476
482.945
481.695
485.132
487.945
483.976
481.664
482.757
484.57
488.226
485.789
482.539
481.695
484.57
487.851
484.007
481.601
481.664
483.882
487.757
484.945
481.57
480.757
484.132
487.164
484.82
483.07
481.601
483.632
488.382
484.82
481.351
482.132
484.57
487.101
485.007
482.664
481.851
483.757
487.882
485.101
481.57
481.82
484.226
487.382
485.382
482.664
481.07
484.539
487.695
484.289
482.539
482.476
484.32
488.226
485.195
482.039
482.07
484.476
487.851
484.726
481.976
482.07
484.257
488.289
485.289
482.351
481.757
484.507
487.195
485.382
482.945
482.132
484.07
487.945
484.32
481.632
482.32
484.757
488.007
485.976
482.351
481.601
484.132
488.007
485.132
482.07
482.507
483.351
487.226
485.164
482.632
481.101
484.32
488.32
483.882
482.382
482.351
483.882
488.32
485.226
481.789
482.226
484.32
487.57
484.507
482.257
482.195
484.382
488.132
484.914
481.32
482.507
484.757
487.132
484.476
482.664
482.007
483.945
487.851
485.101
481.132
482.382
484.101
487.664
485.164
482.539
480.539
484.476
488.226
483.82
481.945
482.601
484.195
487.445
485.507
482.507
481.726
484.414
487.976
484.07
482.382
482.476
483.632
488.601
485.726
481.539
482.445
484.601
487.789
484.695
482.164
481.726
483.476
488.414
485.382
481.914
482.695
484.32
487.007
484.539
482.632
481.757
484.007
488.007
484.476
481.726
482.101
483.601
487.851
485.164
482.632
481.07
484.07
488.07
484.664
482.445
481.882
484.539
488.195
485.164
481.851
481.726
484.101
488.257
484.507
482.82
482.507
483.132
488.507
485.039
481.07
482.601
484.32
487.414
484.757
482.632
481.632
484.07
488.445
484.726
482.007
482.664
484.164
487.664
485.601
482.132
481.101
484.289
487.664
484.945
481.976
482.57
484.226
488.007
484.976
481.914
481.82
484.976
487.976
484.164
481.789
482.601
483.945
488.132
485.757
482.132
481.914
484.226
487.789
484.32
482.414
481.82
483.726
488.351
484.664
481.07
482.632
484.539
487.57
484.726
482.601
482.195
483.351
488.226
484.789
481.007
482.664
484.664
487.414
485.414
482.07
480.664
484.351
487.976
484.226
482.445
482.664
484.07
487.789
484.945
482.382
481.695
483.851
487.914
484.57
481.789
482.507
483.226
488.351
485.351
481.914
482.32
484.632
487.382
484.726
482.882
482.445
483.226
488.414
485.257
481.039
482.789
484.445
487.539
485.226
482.351
481.664
483.882
488.226
484.757
481.757
482.695
484.632
487.57
485.039
482.164
481.195
484.101
487.789
484.101
481.789
482.507
483.945
488.414
485.039
482.039
482.382
484.32
487.664
484.664
482.07
482.476
483.757
488.507
485.164
481.726
482.164
484.757
487.445
485.289
482.195
482.257
484.226
488.382
484.882
481.476
482.539
483.476
487.039
485.195
482.164
481.601
483.726
488.101
484.882
481.539
482.695
483.976
487.851
485.132
482.132
481.507
483.914
487.882
483.976
481.851
482.445
483.664
488.445
485.351
481.882
482.445
484.039
487.351
484.132
482.226
481.695
483.445
488.507
484.851
481.226
482.757
483.914
486.945
484.976
482.101
481.757
483.226
488.07
484.757
481.382
482.601
484.226
486.851
485.07
482.039
482.226
483.976
487.914
484.882
481.039
482.351
483.882
487.32
485.476
482.039
481.445
484.507
487.601
484.039
481.07
482.351
483.007
488.132
484.914
481.632
481.882
484.164
487.664
484.195
482.007
482.476
483.039
488.32
484.726
481.289
482.195
484.632
486.757
485.132
482.132
481.757
483.351
488.289
485.101
481.132
482.726
484.07
487.539
485.476
482.445
481.32
484.132
487.757
484.789
482.32
482.101
483.664
488.164
485.539
481.914
482.07
484.289
487.789
484.789
481.726
482.632
483.476
488.507
485.601
481.445
482.539
484.32
487.539
485.039
482.101
481.851
483.382
488.164
485.476
481.039
482.789
484.632
487.226
485.164
482.039
482.289
484.039
488.07
484.695
480.82
482.132
484.226
487.414
485.507
481.851
481.851
484.726
487.664
485.039
481.601
482.476
483.851
487.976
485.132
481.57
482.164
484.132
487.695
484.476
481.101
482.57
483.257
488.164
485.476
481.32
482.32
484.476
487.414
484.32
482.632
482.351
483.57
488.132
485.32
480.539
482.132
484.164
486.695
484.945
481.789
482.289
483.945
487.914
484.664
481.195
482.226
483.82
487.382
485.476
481.664
481.226
484.257
487.32
484.726
481.07
482.007
483.57
488.414
485.695
481.57
482.289
484.445
487.539
485.195
481.101
482.07
483.539
488.351
485.164
480.57
482.539
484.226
486.914
484.82
482.539
482.507
483.82
487.664
485.132
481.039
482.132
484.07
487.914
485.57
482.539
482.539
485.789
488.382
485.945
482.007
483.07
484.039
488.32
485.914
481.601
482.257
484.07
487.414
484.414
481.507
482.726
483.289
488.195
485.57
480.507
482.601
484.007
487.289
485.507
482.101
482.726
483.57
487.632
485.664
481.07
482.382
484.195
486.789
485.664
481.601
482.445
483.789
488.132
484.945
481.382
482.757
483.632
487.476
486.289
481.632
481.476
484.507
487.726
484.695
481.476
482.226
483.945
487.882
485.632
481.476
482.382
484.351
487.695
484.632
481.789
482.632
483.414
487.82
485.507
481.101
482.289
484.257
486.882
485.007
481.664
482.101
483.82
488.039
485.226
481.007
482.789
484.101
486.976
485.57
481.632
481.601
484.664
487.757
485.32
482.039
482.164
483.976
487.195
486.164
482.226
482.07
484.32
487.945
484.789
481.101
482.164
483.257
487.914
485.851
481.039
482.664
484.476
487.601
485.039
481.945
482.664
483.882
488.445
485.945
480.882
482.945
484.101
486.539
485.976
481.632
481.882
484.226
487.789
484.914
481.257
482.32
484.57
486.914
486.07
482.226
481.601
484.695
487.757
485.007
482.132
482.726
484.195
487.007
485.632
482.132
482.289
484.757
487.82
484.914
481.507
482.695
484.195
488.007
486.039
482.07
482.664
484.382
487.132
485.07
482.632
482.164
484.132
487.539
485.882
480.664
482.789
484.851
486.882
486.101
481.789
481.914
484.539
487.851
485.351
480.539
482.851
484.632
487.257
485.695
481.695
481.039
484.476
487.695
484.976
482.101
482.757
484.757
487.914
485.914
481.914
481.726
484.82
487.476
484.632
481.757
483.101
484.445
488.382
485.539
481.101
482.57
484.539
487.351
485.882
482.632
482.101
483.757
488.164
485.507
481.414
482.226
484.07
487.195
485.882
481.851
481.57
484.195
487.164
485.726
481.007
482.289
484.101
487.039
486.07
481.32
481.132
483.757
487.507
484.789
481.289
482.101
483.757
487.695
486.07
482.007
481.695
484.695
487.257
485.664
482.007
482.632
483.601
487.882
486.132
480.57
482.57
484.32
486.914
485.32
482.164
482.007
483.726
487.757
485.476
480.976
482.195
484.132
487.007
486.132
482.007
480.976
484.632
487.757
485.601
481.101
482.632
483.82
487.57
486.195
481.882
481.539
484.507
487.382
484.695
481.07
481.882
483.57
487.507
485.601
481.07
482.07
484.601
486.695
485.445
481.57
481.914
483.632
488.164
485.539
480.726
482.757
484.007
486.382
486.07
481.976
481.132
483.82
487.82
485.757
481.351
482.507
484.007
486.945
485.976
481.695
481.07
483.882
487.445
484.789
481.07
482.039
484.257
487.757
485.914
481.726
481.101
484.039
487.07
485.32
481.164
482.07
483.632
487.914
485.976
480.695
482.57
484.539
486.976
485.695
481.976
481.695
483.695
487.601
485.414
481.007
482.664
484.226
486.601
486.007
481.445
480.57
484.132
487.507
485.445
481.195
482.632
483.82
487.132
485.664
481.507
481.164
484.601
487.601
485.195
481.632
482.601
483.164
488.132
485.945
480.976
481.726
484.851
487.257
485.757
482.164
481.664
483.445
488.101
485.632
481.382
483.132
484.351
486.882
485.726
482.195
482.07
483.82
488.164
485.757
481.07
482.039
484.32
487.257
486.226
481.57
481.07
484.57
487.382
485.82
482.195
482.195
483.851
487.664
485.57
481.382
481.789
484.226
487.164
485.164
481.851
482.507
483.07
487.695
486.007
481.007
482.101
484.164
487.164
485.445
482.289
481.789
483.789
487.914
485.507
481.195
482.664
484.226
487.132
485.945
482.257
481.445
484.289
487.57
485.82
481.851
482.382
484.039
487.289
486.039
482.007
482.164
483.914
487.351
485.382
481.289
482.164
483.382
488.289
485.914
481.789
482.351
484.507
486.976
485.57
482.351
481.695
483.789
487.695
485.539
481.039
482.726
484.039
486.757
485.851
482.132
482.039
484.32
487.82
485.914
481.445
482.101
483.882
486.757
486.414
481.914
481.351
484.226
487.507
485.32
481.539
482.695
483.039
487.976
486.039
481.57
482.32
484.476
487.164
485.257
481.726
482.164
483.57
488.195
486.132
480.976
482.695
483.789
486.695
485.32
482.289
481.164
484.914
487.695
486.382
482.195
482.914
485.132
487.695
487.257
482.414
481.57
484.695
487.789
485.351
481.539
482.351
483.789
487.039
486.632
482.195
481.445
483.976
487.257
485.476
481.507
481.726
482.882
487.914
486.289
480.57
482.257
484.382
486.789
485.445
482.476
481.695
483.476
487.226
486.101
481.257
482.132
484.289
486.882
485.945
481.632
481.632
484.039
487.695
485.882
480.601
482.57
483.601
487.07
