479.039
480.632
491.445
483.351
479.445
489.632
487.164
477.226
485.445
491.726
478.32
479.976
491.758
479.101
481.539
489.414
488.476
478.07
486.195
493.351
478.351
482.57
492.445
483.632
479.226
488.789
487.601
476.601
484.789
491.695
478.101
480.445
491.883
483.164
477.632
489.57
487.695
476.851
484.757
491.758
478.132
481.226
492.008
483.132
479.039
490.476
488.664
476.789
486.226
492.101
477.882
481.632
492.57
482.476
478.726
490.226
487.632
477.101
486.039
492.226
478.226
481.476
492.039
482.101
478.57
490.445
487.257
477.57
485.195
491.664
478.445
481.132
492.476
483.039
479.195
489.632
487.226
477.07
485.164
490.976
478.601
481.351
491.007
482.07
478.726
489.132
487.007
477.132
485.445
491.007
478.695
481.632
490.945
483.195
478.851
488.914
487.445
477.414
484.632
491.382
478.382
480.57
491.226
482.351
478.32
489.132
487.664
477.039
484.976
491.601
478.757
481.007
491.445
482.789
478.476
489.632
487.789
477.539
485.101
491.883
478.945
481.007
492.164
483.695
478.101
489.976
488.132
475.851
485.257
491.695
478.039
479.976
491.601
482.632
478.226
489.726
487.664
476.039
485.57
491.32
478.039
480.476
491.601
482.007
478.632
489.601
487.257
476.851
485.039
491.414
478.195
480.414
491.414
481.664
478.726
489.507
486.382
477.539
485.445
491.07
478.382
481.039
491.539
481.976
478.382
489.664
485.945
477.632
485.07
490.914
478.789
481.007
490.539
482.945
478.757
489.132
486.789
477.007
484.726
490.757
478.195
480.976
490.882
482.476
478.289
488.476
487.382
477.257
484.289
491.695
478.351
480.57
492.07
483.039
477.976
489.195
486.632
476.82
484.351
492.164
478.257
480.32
491.82
483.007
476.945
489.226
487.57
476.726
484.539
491.57
478.007
480.445
491.789
482.945
478.226
489.289
487.945
476.101
485.507
491.539
478.289
480.539
491.82
482.039
478.101
489.445
486.82
476.351
485.039
491.476
478.101
481.039
491.445
481.789
478.195
489.414
486.539
477.476
484.945
490.882
477.945
481.07
491.289
482.195
478.601
489.414
486.32
477.476
485.164
490.82
478.289
481.007
490.82
482.476
478.039
489.195
487.382
477.351
484.601
491.633
478.757
481.007
491.007
482.601
478.257
488.445
486.976
477.445
484.57
491.789
478.289
481.101
492.226
483.101
477.945
489.039
488.382
477.195
485.164
491.758
478.539
480.882
492.445
483.226
477.32
489.726
486.914
477.539
485.007
492.039
478.414
480.976
492.508
483.07
478.039
490.07
487.695
476.789
485.82
491.883
477.945
481.007
492.851
482.789
479.101
490.289
487.32
477.414
485.632
491.789
478.101
481.132
491.914
482.757
478.789
489.726
486.851
477.445
485.445
490.757
478.726
481.257
491.976
482.195
479.07
489.507
486.507
477.914
485.164
490.601
478.882
481.195
491.351
483.289
479.195
489.132
487.82
477.914
484.632
490.976
478.195
481.07
491.257
483.226
478.695
488.382
487.664
477.851
484.945
492.164
478.882
481.101
492.226
483.07
477.507
488.789
487.539
476.976
484.601
491.851
478.539
480.445
492.351
482.945
477.32
489.632
487.945
476.351
484.789
491.476
477.945
480.632
492.258
482.882
477.82
489.695
487.726
476.226
485.07
491.726
477.945
480.57
491.945
482.757
478.289
489.414
487.539
476.57
485.382
491.039
478.039
481.101
492.226
482.601
478.945
489.476
486.351
477.539
485.132
491.101
478.664
480.976
491.883
482.632
478.132
488.882
486.539
477.632
485.289
490.664
478.257
481.101
491.414
482.757
478.101
489.007
486.976
477.382
484.507
490.726
478.632
481.57
491.445
482.914
478.289
488.132
487.539
477.664
484.257
491.414
478.507
480.539
491.476
483.132
477.757
488.726
487.257
477.507
484.132
491.789
478.101
480.57
492.07
483.164
477.382
489.695
487.32
477.007
484.476
491.789
478.382
480.476
492.508
483.101
477.07
489.789
487.57
476.101
484.914
491.695
477.976
481.007
491.976
482.882
477.789
489.601
487.976
476.414
485.101
491.445
477.632
481.476
492.476
482.351
478.445
489.289
487.695
477.32
485.007
491.257
478.164
480.976
492.164
482.164
478.539
489.539
486.82
478.039
484.695
490.757
478.226
481.132
491.414
482.945
479.07
489.039
487.007
477.632
484.945
491.039
478.632
481.039
491.32
483.007
478.601
488.257
487.132
477.507
484.632
491.82
478.632
480.539
491.695
483.039
478.101
488.914
487.132
477.382
484.289
492.351
478.101
480.851
492.039
483.101
477.226
489.539
487.164
477.101
484.382
492.008
478.07
480.914
492.57
482.726
477.257
489.851
487.476
476.382
484.757
491.601
477.757
480.507
492.008
482.882
478.351
489.226
487.539
476.507
484.789
491.883
478.132
481.007
492.164
482.351
478.57
489.539
487.164
478.132
485.226
491.476
478.226
481.445
491.851
482.101
478.851
489.382
486.976
478.164
484.632
490.82
478.101
481.039
491.726
482.289
478.257
489.101
487.132
478.039
484.664
490.82
478.601
481.164
491.945
483.414
478.351
488.32
487.695
477.632
484.164
492.226
478.632
480.507
492.476
483.32
478.445
488.82
486.882
477.757
484.82
491.914
478.195
480.476
492.664
483.289
477.476
489.195
487.57
477.226
484.382
491.726
478.226
480.414
492.789
483.32
477.351
489.976
487.851
476.664
484.414
491.695
477.914
480.945
492.195
483.039
477.632
489.757
487.757
476.789
484.664
492.164
477.57
481.07
491.851
482.476
478.382
489.226
487.351
477.757
484.82
491.164
478.101
480.664
492.164
482.414
478.882
489.382
486.445
478.07
484.57
491.07
478.257
480.601
491.914
481.914
478.476
488.695
486.82
478.132
484.789
490.914
478.695
481.039
491.132
483.101
478.195
489.007
487.32
478.007
484.507
491.851
478.351
480.976
491.633
483.039
478.07
488.539
486.726
478.101
484.039
492.039
478.257
480.976
492.383
482.945
477.445
488.882
487.226
478.007
484.007
491.695
478.257
480.351
492.726
483.164
477.257
489.539
487.664
477.414
484.382
491.695
478.164
479.851
492.664
482.882
477.507
489.757
487.757
476.601
484.976
491.57
477.976
480.476
492.695
482.632
478.226
489.414
487.07
477.382
485.007
491.664
478.007
480.476
492.226
481.539
478.632
490.007
486.132
478.101
484.726
490.976
478.32
481.039
492.57
482.382
478.101
489.351
486.539
478.007
484.914
490.414
478.382
480.539
491.414
482.882
477.976
488.601
487.382
477.914
484.351
491.476
478.664
480.57
491.914
482.289
477.945
488.726
486.695
478.445
483.695
492.383
478.351
479.914
492.758
482.882
477.382
489.414
487.57
477.882
483.945
491.883
479.039
479.57
492.695
482.445
477.195
489.726
487.57
477.226
484.57
491.57
478.101
480.007
492.508
482.507
476.914
489.789
487.351
476.851
484.976
491.257
477.82
479.507
492.383
482.382
479.07
489.507
486.664
478.101
485.195
491.039
478.476
480.445
492.508
482.351
478.601
489.57
486.226
477.976
484.82
490.82
478.757
480.539
492.008
482.601
479.007
489.289
486.976
478.226
484.632
490.695
478.789
480.445
491.789
482.914
478.445
489.132
487.07
477.851
484.539
491.32
479.289
480.414
491.914
483.164
477.914
488.976
487.039
477.851
483.851
491.695
478.726
479.976
492.476
483.257
477.757
489.164
487.195
477.976
484.351
491.601
478.382
479.757
492.57
482.82
477.226
489.632
487.507
477.195
484.289
491.57
478.257
479.882
492.32
483.007
477.351
489.757
487.257
476.664
484.976
491.57
477.757
480.476
492.476
482.039
478.257
489.601
487.007
477.632
485.257
491.07
478.039
480.414
492.164
482.226
478.289
489.695
485.976
478.601
484.945
490.695
479.414
480.476
491.789
482.601
478.382
489.351
486.414
478.07
484.757
491.007
479.257
479.882
491.257
482.82
477.945
488.882
486.851
478.226
484.07
490.882
478.914
479.882
491.57
482.757
477.82
488.445
487.539
477.945
483.945
491.601
479.289
480.382
492.101
483.226
477.632
488.695
486.851
477.851
484.32
491.82
478.945
479.476
493.039
482.32
478.195
489.382
487.507
477.632
484.101
491.695
478.726
479.789
492.82
482.914
476.945
489.882
487.882
477.32
484.445
491.601
478.164
479.851
492.851
482.695
477.695
489.882
487.82
476.976
485.257
491.789
477.789
480.445
492.383
482.757
478.632
490.195
486.945
477.007
485.382
491.664
478.195
480.32
492.976
482.789
478.757
489.632
486.445
478.289
484.726
490.851
479.226
480.039
492.008
482.726
478.539
489.601
486.32
478.351
485.195
490.601
479.445
480.57
491.883
483.07
478.414
489.351
487.476
477.726
484.539
491.257
479.382
480.445
491.633
483.226
478.57
489.007
486.882
477.945
484.101
491.57
479.289
480.539
492.57
483.164
477.164
489.382
487.351
477.632
484.757
491.883
478.945
479.851
493.101
483.507
476.882
489.914
487.664
477.32
484.414
491.601
479.351
480.351
492.758
482.851
477.039
490.007
487.695
476.851
485.101
491.883
478.726
479.851
492.445
482.695
478.132
489.601
487.101
476.757
