510.852
513.789
439.788
481.164
529.477
457.632
453.913
529.321
487.101
438.913
510.227
513.133
440.632
481.476
530.102
458.945
454.632
530.508
488.257
439.444
510.539
514.133
440.007
480.976
529.571
457.632
453.976
529.602
486.164
438.413
511.07
513.445
440.444
480.976
528.821
457.601
454.319
529.352
486.914
439.569
510.883
513.57
441.1
481.039
529.071
459.007
454.163
529.383
487.632
439.85
511.508
512.977
441.069
481.414
528.821
458.132
454.069
529.571
488.289
439.569
511.164
513.508
440.975
480.632
529.289
458.601
454.882
529.977
487.57
440.163
510.414
513.727
440.694
480.039
529.602
458.82
453.507
528.946
487.195
438.788
509.695
513.914
440.757
480.851
529.664
458.632
453.038
529.508
487.289
438.257
510.227
513.32
439.944
480.757
529.227
457.976
454.038
529.539
487.195
438.038
511.164
513.352
439.913
481.414
529.664
457.976
453.694
529.477
487.07
438.6
510.664
513.008
440.382
480.726
529.133
458.413
459.788
530.602
482.726
439.413
511.039
513.977
441.85
480.757
528.852
458.351
454.132
529.664
487.851
438.663
510.258
513.008
441.132
480.726
528.258
457.976
454.038
529.196
487.914
439.413
510.352
513.227
441.319
480.32
528.383
458.444
453.257
529.446
487.414
438.882
510.414
513.445
440.757
480.32
529.008
459.195
453.663
529.164
487.539
438.632
509.727
514.445
440.882
480.539
529.477
458.257
452.507
529.883
487.382
438.413
510.602
514.07
440.444
480.976
529.696
458.351
453.444
529.883
487.664
437.663
510.508
513.914
440.132
480.851
529.508
458.007
454.007
529.977
487.101
438.413
510.758
513.695
440.1
480.32
529.289
457.819
453.413
529.227
486.726
438.882
510.883
513.57
440.163
480.757
528.914
458.132
453.476
529.696
487.226
438.444
510.695
512.352
440.35
480.914
528.602
459.632
453.726
529.414
487.851
438.944
510.008
513.852
440.413
480.289
528.227
459.382
453.257
529.321
487.695
439.007
510.102
514.508
440.788
480.07
529.227
458.569
453.288
529.039
487.57
437.975
510.758
514.039
440.194
480.82
529.133
458.601
453.038
529.446
487.601
437.85
510.289
513.977
440.757
480.32
529.477
458.601
453.257
529.727
487.507
437.538
510.852
514.039
440.038
481.132
529.321
457.976
453.819
529.789
488.07
438.382
510.227
513.633
440.35
481.601
529.852
458.757
454.569
529.633
487.195
438.632
510.508
513.57
440.507
480.664
528.383
457.944
454.069
529.571
486.289
438.663
510.602
512.883
440.788
480.382
528.852
458.507
453.788
529.164
487.132
438.944
510.477
513.477
440.85
480.226
528.352
458.444
453.663
529.102
488.007
438.788
510.102
513.633
440.413
480.382
528.696
458.788
453.194
528.571
488.101
438.069
509.508
513.289
440.788
480.57
528.883
458.757
453.319
529.289
487.57
437.975
510.57
513.945
440.507
480.414
529.383
458.663
453.538
529.383
488.351
437.257
509.727
514.133
439.788
481.039
529.289
458.663
453.444
529.164
487.726
437.569
510.195
513.945
439.725
480.632
529.383
458.226
453.288
529.477
487.382
438.007
510.508
513.727
440.069
480.476
529.196
457.163
453.413
529.383
487.132
438.663
509.727
513.508
440.413
480.664
528.914
458.663
453.569
528.914
487.476
438.725
510.039
513.414
440.507
480.007
523.602
458.632
453.382
528.852
488.476
438.35
509.664
513.727
440.819
480.007
528.196
459.632
453.007
528.633
488.601
438.132
509.195
514.258
440.788
479.882
529.321
459.007
452.976
529.008
488.507
438.1
509.32
514.477
440.507
479.445
529.071
458.757
452.757
529.352
488.476
437.788
510.539
514.82
440.257
480.007
529.133
459.226
453.101
529.539
487.976
437.507
509.602
514.32
439.632
480.351
528.852
458.632
453.194
529.227
488.07
437.538
509.633
513.633
439.725
480.351
528.852
458.413
453.444
529.321
487.164
438.382
509.727
513.508
440.35
480.007
528.852
457.819
452.851
528.946
485.914
438.225
509.664
513.289
440.694
479.82
528.446
458.976
453.101
529.008
488.507
438.194
509.852
513.695
440.163
479.851
528.946
459.382
453.226
528.602
488.445
438.632
509.133
514.633
440.663
478.882
528.821
459.288
453.007
528.883
488.539
438.007
509.633
514.477
440.632
478.82
529.477
459.913
452.601
529.446
488.632
437.694
510.039
514.508
440.663
479.882
529.602
459.163
452.882
529.258
488.132
437.35
509.602
513.852
440.288
480.195
529.571
458.913
452.757
529.696
488.257
437.944
509.758
514.352
440.694
479.726
529.289
458.444
453.101
529.539
487.539
437.569
510.383
514.039
439.663
480.007
529.258
459.351
452.913
529.102
486.757
438.163
510.102
513.852
440.632
479.57
529.071
459.132
453.226
529.258
487.257
438.225
509.508
513.352
441.038
479.882
528.039
459.445
453.101
528.977
488.195
438.569
509.289
513.945
440.819
479.32
528.352
459.382
453.163
528.977
488.164
438.069
509.758
514.508
440.694
479.101
529.071
459.538
452.257
529.258
488.664
437.632
509.258
514.164
440.882
481.476
529.414
459.507
452.351
529.446
488.632
437.444
509.477
514.102
440.069
479.007
529.602
460.257
453.351
529.883
488.601
437.413
509.508
514.289
440.038
479.945
529.196
458.913
452.538
529.414
488.257
437.788
509.758
514.289
440.257
479.726
529.227
458.757
453.007
529.477
487.632
438.069
509.977
513.227
441.163
479.882
528.914
459.476
453.194
529.071
487.382
438.507
509.758
513.039
441.35
479.445
528.196
460.163
452.601
528.727
488.789
438.319
509.414
514.258
441.163
478.851
528.508
459.726
452.538
528.821
488.32
437.6
509.32
514.227
440.663
478.82
528.321
460.351
452.601
528.789
488.726
437.757
510.508
514.57
440.788
478.132
529.383
459.632
452.132
529.196
488.132
437.038
509.539
514.383
440.319
479.101
529.102
460.07
452.413
529.321
488.82
436.975
509.914
514.102
439.788
480.445
528.914
459.601
452.538
529.758
488.164
437.132
510.039
514.07
439.85
479.57
529.133
458.663
452.976
529.258
487.914
437.507
510.07
514.195
440.6
478.914
528.821
459.007
453.069
529.227
487.289
437.944
510.039
513.695
440.944
479.007
528.352
460.445
453.038
528.946
489.07
437.85
509.32
513.008
441.819
479.257
528.758
460.663
452.569
528.571
489.57
437.944
508.883
514.883
441.038
479.226
528.789
460.757
452.163
529.164
488.789
437.475
509.227
514.383
440.819
479.257
529.414
460.163
452.163
529.289
488.914
436.819
511.695
514.539
440.975
479.226
529.414
460.163
451.226
529.133
488.976
436.944
509.883
514.914
440.1
479.664
528.946
459.851
452.694
529.071
488.945
437.038
509.727
514.945
440.163
479.632
528.914
459.132
452.726
529.258
488.664
437.069
510.039
514.57
440.444
479.539
529.039
459.882
452.788
529.008
488.382
437.944
509.758
512.57
441.6
479.039
528.102
459.945
452.382
529.008
488.695
437.538
509.57
513.883
440.819
479.32
528.039
459.445
452.882
528.289
489.195
437.757
509.57
513.789
440.882
479.289
528.446
460.413
452.507
528.633
489.289
437.538
509.258
514.945
441.1
479.132
528.477
460.57
452.226
529.258
489.351
437.507
509.414
515.352
441.225
479.32
529.321
460.32
452.413
529.633
489.82
437.069
509.664
514.727
440.663
479.007
529.446
460.07
452.913
529.039
490.039
437.288
508.883
514.758
440.569
479.976
529.133
460.663
452.413
529.039
489.007
437.569
510.383
514.977
440.663
479.539
528.914
459.32
452.944
529.383
488.945
438.038
509.383
514.32
441.007
480.039
528.821
460.257
453.038
528.914
489.07
437.663
509.789
514.227
441.007
479.195
527.852
460.57
452.726
528.571
489.914
437.069
509.633
515.477
441.257
479.007
528.539
460.601
452.569
528.071
489.382
437.225
508.82
515.164
441.1
479.164
528.977
460.413
452.569
529.039
490.07
437.413
509.07
515.414
441.007
479.007
529.508
460.382
452.194
528.258
490.101
437.132
509.07
514.883
440.507
479.351
529.664
460.788
452.226
528.789
489.882
436.882
509.789
515.039
440.038
479.851
529.039
460.257
452.163
529.133
489.32
436.85
509.758
514.758
440.288
479.757
528.758
459.913
452.819
529.164
489.164
437.475
509.32
514.789
440.038
479.757
528.727
