451.694
484.32
515.289
486.257
453.882
464.538
502.226
514.195
480.695
452.257
470.195
507.883
513.789
478.007
451.226
472.601
512.727
502.039
463.288
454.601
489.007
517.883
496.32
458.288
462.32
505.476
510.289
465.726
454.382
497.476
515.164
481.601
452.382
469.538
510.258
508.383
467.726
452.351
484.976
516.883
499.195
457.976
460.226
497.758
516.789
480.382
451.851
479.82
516.039
502.664
459.82
459.07
502.32
515.164
480.195
452.726
472.882
510.195
510.133
472.132
451.913
477.57
513.977
502.195
461.57
456.101
493.133
517.727
493.601
456.288
461.726
502.289
514.727
480.851
451.632
468.945
506.726
514.008
478.226
451.413
474.288
511.383
508.352
470.445
451.163
477.976
513.195
506.758
466.257
452.788
485.82
515.758
499.258
460.726
456.132
493.601
517.414
490.539
454.726
464.663
505.57
512.664
474.195
451.476
477.601
513.539
507.664
468.413
452.694
486.351
517.07
495.445
458.444
459.351
497.164
516.727
488.601
453.944
465.976
504.351
513.758
476.789
451.351
474.976
512.758
508.57
468.538
452.351
485.195
516.602
496.445
458.538
459.038
496.57
517.477
490.57
454.757
463.288
506.195
512.508
476.726
451.476
477.32
513.102
507.695
466.726
452.038
484.382
515.789
499.539
459.882
458.194
495.195
517.195
492.101
455.351
461.101
500.258
515.258
482.82
452.757
469.601
508.102
511.664
474.101
452.632
489.945
517.008
494.07
456.319
462.038
501.508
515.82
483.164
451.226
469.226
508.539
510.82
472.507
451.788
481.82
514.82
501.383
458.945
468.07
507.32
508.695
470.757
451.976
484.101
515.289
502.039
458.601
462.132
501.383
513.008
474.32
451.694
479.164
513.508
504.351
462.507
454.913
491.445
517.195
493.445
456.194
462.382
501.476
514.289
479.57
451.538
472.07
510.383
510.133
472.038
450.944
480.82
516.258
490.039
451.007
475.851
513.57
506.758
466.788
453.444
487.132
516.633
491.695
454.788
463.663
501.758
517.289
487.539
454.569
462.163
501.601
514.32
478.882
452.101
470.038
508.039
513.289
478.445
451.726
469.695
513.914
502.008
463.507
454.726
487.289
516.539
501.82
463.07
453.726
492.633
517.258
492.726
456.507
460.663
498.258
517.008
488.695
454.069
466.351
508.539
511.414
474.695
451.632
477.289
513.852
507.789
468.132
451.351
487.32
517.164
494.726
457.069
460.163
498.883
516.414
484.57
450.288
479.476
517.039
496.258
458.882
458.476
496.57
516.914
489.945
453.726
463.757
504.195
514.445
479.945
451.663
472.257
510.602
507.445
465.007
453.944
488.726
517.195
492.914
455.226
463.195
503.164
513.727
480.164
451.507
471.413
509.789
510.445
472.757
451.007
480.445
515.727
455.226
467.132
516.008
488.82
454.226
466.007
507.133
493.445
451.288
481.945
515.227
504.351
463.601
455.476
492.726
510.133
458.601
460.163
496.664
517.633
489.945
454.757
462.945
502.851
511.258
472.351
451.507
476.82
513.164
507.039
467.695
452.569
490.007
516.695
490.101
454.757
462.413
500.32
515.883
483.882
452.132
469.257
510.883
508.227
469.476
452.132
483.882
515.695
502.164
461.82
455.757
492.945
517.227
491.633
454.944
463.413
502.695
515.195
480.539
450.913
492.008
517.164
488.507
452.507
469.695
508.602
511.539
472.07
467.476
509.945
504.039
463.351
455.444
492.195
517.039
490.945
450.444
480.164
516.289
500.414
461.913
456.382
491.414
517.445
495.133
453.851
465.695
504.945
514.039
477.789
452.101
472.07
508.414
511.945
474.32
451.444
475.476
511.633
509.82
472.757
451.319
476.726
512.883
506.133
466.163
453.976
487.039
517.102
501.414
462.851
454.757
489.132
517.07
496.133
458.382
458.601
494.976
517.352
491.445
455.976
460.57
499.445
516.57
485.726
453.819
466.32
504.008
516.102
484.289
453.194
466.132
507.445
505.476
462.976
456.101
491.351
518.008
496.976
459.132
457.601
495.789
516.789
488.539
455.038
463.663
501.351
516.414
487.382
453.694
465.726
505.601
512.57
476.757
451.601
476.945
512.883
509.633
471.476
450.788
482.195
515.758
500.82
460.695
458.319
495.414
517.633
491.195
453.257
489.476
517.414
493.445
457.632
461.788
501.32
516.008
484.414
452.476
471.257
510.633
510.945
474.601
451.944
475.476
511.852
508.883
467.476
453.288
485.257
516.164
499.82
461.82
455.976
491.351
517.164
494.32
456.663
460.132
498.008
515.977
484.882
452.944
467.132
505.883
512.977
472.788
450.694
479.101
513.789
502.758
462.351
455.976
492.101
516.758
487.882
452.194
469.476
509.602
509.977
471.351
451.507
482.195
514.758
493.82
455.007
463.476
502.414
514.508
480.132
451.851
472.257
510.164
501.101
457.382
459.601
499.476
516.57
485.851
452.632
467.726
508.258
494.883
455.444
463.82
503.351
515.32
481.101
451.476
470.351
513.508
500.664
460.695
457.663
494.539
517.32
489.945
454.132
463.788
505.133
511.789
471.32
452.413
481.476
515.07
504.726
465.07
453.788
489.195
517.164
493.289
456.476
461.851
501.414
515.633
481.32
451.226
475.445
513.164
504.914
464.945
454.601
488.507
517.258
497.445
458.913
457.882
495.664
517.695
488.289
454.882
464.913
504.195
513.758
475.289
450.132
479.632
514.727
500.758
461.538
456.694
494.226
517.883
490.976
451.757
468.195
507.351
512.227
475.476
451.444
477.07
513.445
507.195
462.288
457.382
496.258
517.07
487.257
452.819
467.226
507.539
509.195
453.632
465.038
504.195
513.57
478.007
451.476
474.007
512.664
506.476
466.288
453.757
488.132
516.258
496.351
458.226
459.351
497.851
516.352
485.476
453.319
467.382
507.258
513.383
476.507
451.382
475.257
512.258
505.914
466.32
453.101
486.851
516.664
500.133
460.413
457.413
494.351
516.508
487.445
453.757
465.413
504.351
513.477
476.789
451.007
476.882
513.039
506.32
464.538
454.632
489.101
516.852
497.726
458.82
458.788
500.726
512.883
474.32
451.757
477.882
513.57
506.633
466.257
453.288
488.726
517.383
494.633
457.413
460.413
499.883
516.758
485.601
451.882
468.445
511.945
497.008
458.757
458.694
495.445
517.164
490.039
453.507
464.788
504.976
510.102
471.851
451.694
482.664
515.258
502.57
462.007
455.601
493.039
517.008
493.039
456.132
461.913
500.851
516.195
484.945
452.351
468.57
507.445
511.602
474.945
451.257
479.101
514.008
506.226
465.726
451.882
484.101
516.195
500.664
460.601
456.694
493.976
517.82
490.757
452.819
464.445
503.851
514.977
481.351
451.663
472.476
511.133
509.852
471.351
451.101
479.57
513.227
505.258
464.382
454.944
489.476
517.039
493.226
452.569
468.507
508.07
509.164
470.788
452.007
481.57
514.383
502.226
463.257
454.194
489.101
516.945
495.976
457.538
460.226
499.008
515.477
484.32
452.257
468.632
508.82
510.914
472.757
451.476
481.164
514.289
502.664
461.195
460.32
500.133
516.914
487.695
453.194
465.476
505.164
509.008
464.57
454.288
489.601
516.664
496.008
456.788
461.288
501.976
513.727
475.507
451.538
476.789
513.164
507.883
467.57
452.944
486.351
515.914
496.82
457.038
459.226
497.695
517.195
486.851
450.569
481.664
516.289
494.226
456.601
462.507
501.883
516.383
482.632
451.819
471.132
515.227
501.226
462.601
455.069
491.07
517.445
495.289
457.038
459.913
498.82
516.227
485.726
452.507
469.32
508.352
511.883
472.601
451.194
486.07
517.008
497.633
458.976
457.757
496.039
517.602
490.289
453.882
463.257
506.414
512.789
475.726
451.319
478.07
513.602
505.633
465.257
452.569
488.226
517.133
496.82
457.757
460.507
498.539
516.883
487.101
452.444
464.476
505.289
514.695
479.851
451.538
471.476
509.602
510.57
473.226
450.663
479.351
516.539
495.914
458.226
459.445
497.008
516.602
489.351
453.226
464.788
505.914
512.133
475.289
451.382
476.226
512.383
505.695
466.632
452.757
485.382
516.32
496.07
457.788
459.788
496.82
516.633
478.726
450.757
475.976
513.07
508.289
467.195
452.601
486.195
516.227
497.695
458.007
458.319
496.57
518.07
488.664
453.226
465.57
505.383
512.445
475.82
450.976
477.601
513.633
506.633
466.695
453.413
486.195
516.07
494.726
456.913
460.351
499.039
516.57
486.476
452.694
467.445
505.789
508.164
469.101
452.694
484.445
516.227
500.758
460.663
455.819
491.945
515.727
482.101
451.976
470.538
509.07
511.914
475.382
451.194
477.132
515.07
501.976
463.288
455.538
491.445
517.289
495.383
457.288
459.32
498.601
516.133
485.789
452.726
468.007
506.664
513.195
476.476
450.788
483.976
516.977
496.82
458.226
459.257
496.039
517.32
489.382
453.069
463.976
504.008
514.883
480.601
451.601
471.726
509.883
510.008
471.288
459.945
501.664
515.695
481.476
451.601
471.538
509.82
509.883
471.195
453.632
487.57
516.258
497.664
458.132
459.32
497.976
516.414
486.945
450.819
475.57
512.227
507.383
468.57
453.069
484.445
515.727
499.914
454.226
466.07
505.695
512.82
476.539
451.507
476.632
512.32
506.633
462.601
455.319
492.476
517.227
487.382
453.163
467.382
506.976
510.539
472.195
451.819
480.164
515.07
506.008
465.913
453.726
487.164
516.102
493.976
455.226
462.413
501.976
513.977
479.039
451.163
473.632
512.008
504.914
465.038
455.319
491.507
517.508
494.07
456.632
460.82
500.258
514.914
480.226
451.351
471.913
510.414
510.32
472.132
451.601
482.57
516.727
485.945
452.882
467.632
506.633
512.352
475.757
450.913
474.913
512.695
504.32
464.32
454.007
488.351
517.07
499.07
460.226
457.444
498.133
516.727
483.445
452.757
469.601
508.445
512.633
475.57
450.601
481.32
515.133
501.945
462.538
455.913
492.008
517.383
494.945
455.476
460.851
502.351
512.758
476.882
451.569
475.507
513.883
505.945
466.476
452.851
486.289
517.414
494.726
456.569
462.351
501.351
516.258
483.007
450.288
475.57
513.07
504.508
464.476
454.569
489.289
517.133
494.195
454.976
461.288
500.101
515.977
478.289
451.476
474.32
512.227
505.789
464.788
453.726
487.289
516.414
494.258
456.194
462.163
501.164
514.789
475.82
451.288
475.914
513.133
506.758
467.413
453.101
485.226
516.477
489.726
451.288
472.507
510.695
510.664
472.195
451.694
479.914
514.383
498.289
456.944
460.226
499.226
517.133
487.414
453.194
465.663
504.883
511.289
466.538
453.882
486.539
516.289
499.289
459.945
457.726
498.008
516.289
478.757
451.538
475.695
512.82
508.258
468.132
452.569
486.195
516.789
495.82
456.944
464.163
504.351
515.789
481.82
451.257
471.788
512.289
507.226
468.538
452.476
484.726
516.508
500.726
460.382
456.351
493.476
517.414
488.039
453.913
465.726
506.039
513.789
475.695
450.851
476.07
513.164
505.508
465.288
454.601
490.07
517.852
495.226
456.507
459.382
498.101
516.258
486.007
452.944
467.257
506.351
514.07
477.539
450.976
485.195
516.383
497.258
458.288
459.882
497.508
517.258
488.695
453.038
470.476
509.602
510.102
472.195
452.101
480.726
514.758
503.82
460.882
458.194
495.726
517.227
490.195
454.601
464.476
504.601
514.133
475.539
450.913
478.914
513.914
505.039
465.757
454.194
488.07
517.102
495.226
455.569
461.851
500.945
515.445
483.539
452.507
468.601
507.32
511.32
466.413
453.663
487.695
516.445
497.789
458.913
458.351
496.008
517.227
487.914
453.069
466.288
506.726
514.039
478.32
451.413
473.601
511.477
507.914
466.507
454.351
488.945
517.57
498.008
458.632
458.226
495.883
516.414
486.695
453.288
466.226
505.82
514.414
479.007
451.538
473.445
511.414
504.195
463.226
455.101
491.257
517.914
496.289
457.132
460.538
498.82
516.133
483.101
452.257
469.945
509.352
512.008
473.601
451.038
478.226
513.477
504.57
464.32
454.694
489.382
517.133
497.695
458.382
458.007
494.726
516.195
482.32
451.819
470.82
509.445
511.602
473.538
450.788
477.976
515.82
497.258
459.163
459.288
497.508
517.883
490.101
453.726
463.445
504.008
513.289
477.445
451.663
476.507
512.633
508.164
469.101
452.632
490.226
517.852
491.851
454.976
463.257
502.445
516.039
481.914
450.351
474.288
511.852
506.633
466.163
454.007
487.601
516.602
498.07
454.132
463.601
503.133
514.945
480.601
451.444
472.663
510.352
508.383
465.382
453.663
489.445
517.602
488.664
453.757
465.038
503.664
515.008
477.82
450.913
477.57
513.445
505.914
466.226
453.476
487.757
515.977
496.695
456.944
461.038
499.883
516.133
481.289
451.976
471.413
509.414
509.445
467.57
454.163
487.914
516.945
499.758
460.632
456.476
494.008
517.039
485.007
452.632
468.788
507.977
510.758
472.82
451.257
481.445
516.195
496.039
457.694
460.32
499.695
517.445
486.914
453.319
467.07
505.414
509.32
470.382
452.476
483.007
516.133
502.695
462.538
455.382
490.664
517.508
492.07
456.819
462.351
500.601
516.695
484.976
452.538
467.32
507.664
511.164
473.382
451.507
479.226
513.977
506.601
466.288
453.726
488.632
517.039
493.508
455.819
462.195
501.289
516.477
484.101
451.444
470.507
513.414
505.226
465.163
454.413
488.976
517.289
496.57
456.507
459.288
502.195
515.195
481.07
451.538
472.351
510.57
510.977
471.695
451.007
480.726
514.914
502.633
462.57
455.757
492.32
518.07
493.539
454.601
461.945
501.945
515.633
482.289
452.069
470.945
509.695
509.945
469.788
451.913
486.507
516.445
496.789
457.538
460.257
499.101
515.945
481.476
451.288
470.757
509.445
511.102
473.226
451.913
479.851
514.602
501.945
457.288
461.413
501.133
516.227
484.726
452.819
469.038
508.07
509.695
469.726
451.851
482.007
514.82
502.633
463.101
455.132
490.382
516.727
494.195
452.069
472.101
511.133
510.414
471.851
451.757
480.445
514.352
501.633
460.913
457.851
496.289
517.883
490.257
454.413
464.257
503.601
513.258
477.039
451.726
474.788
512.57
508.445
469.038
452.976
485.757
516.82
495.508
453.851
465.007
506.164
512.008
475.164
451.507
483.195
517.57
488.101
454.194
465.288
504.414
514.977
481.007
452.507
477.789
514.445
504.101
465.101
455.132
485.976
516.945
501.258
462.945
454.819
491.039
517.883
495.383
458.101
458.726
494.601
517.977
495.195
456.194
460.82
502.32
515.195
481.039
452.507
468.695
506.101
514.727
481.789
451.319
472.038
509.664
510.633
474.82
451.632
475.101
512.727
507.695
467.538
453.632
489.07
516.57
496.414
457.944
458.569
495.351
517.195
482.289
450.944
474.038
511.258
506.258
467.163
453.757
486.382
516.445
496.226
454.726
462.726
502.383
514.914
480.976
452.007
473.101
510.32
508.258
466.57
453.226
486.164
516.57
497.758
458.507
458.882
496.133
516.82
485.57
452.288
469.788
508.883
511.32
473.945
451.538
480.257
516.164
495.039
456.226
461.757
500.633
517.133
485.289
452.601
468.788
508.07
508.445
468.195
453.038
485.82
516.477
501.226
461.945
455.507
494.383
516.258
486.476
453.132
470.445
509.258
511.914
474.413
451.069
479.695
515.164
498.851
459.132
459.038
497.039
517.758
487.914
452.757
467.538
509.352
509.914
471.913
451.976
481.07
514.883
503.508
461.32
456.444
493.914
517.852
491.32
455.101
463.663
502.82
515.477
481.039
451.569
472.226
511.57
508.664
469.601
452.882
484.039
516.07
501.82
460.726
455.351
493.414
517.102
488.507
453.819
466.601
506.039
513.508
476.882
450.757
474.913
512.789
508.102
469.257
453.132
482.914
515.383
501.32
460.101
456.538
494.07
517.164
491.664
455.038
463.507
503.883
513.508
469.945
452.788
486.101
516.445
499.101
459.632
457.913
495.07
516.852
486.945
453.288
467.726
506.664
512.07
474.913
451.601
478.32
513.758
505.101
464.945
453.632
488.132
517.352
498.32
459.07
457.851
495.258
516.633
486.789
452.726
466.913
506.508
513.508
478.07
451.694
474.101
511.102
507.445
466.195
453.569
486.539
517.195
498.539
458.788
459.007
496.226
516.57
486.039
454.038
466.195
506.008
513.57
477.882
451.538
474.882
511.57
507.351
466.851
453.726
486.476
516.82
501.226
461.945
455.319
489.632
517.508
492.758
456.413
461.82
500.789
516.289
484.976
452.413
473.132
512.352
503.039
464.257
454.913
488.695
517.227
497.664
458.538
459.007
501.851
513.852
479.007
451.726
473.351
511.383
508.758
470.07
451.288
487.632
517.008
486.726
453.163
467.07
506.226
512.852
475.414
450.069
476.445
514.227
504.039
463.788
455.038
489.851
517.695
496.039
457.101
461.882
501.008
514.102
478.414
451.788
474.163
512.07
508.414
468.32
452.382
488.601
516.852
496.195
457.444
459.882
497.664
517.352
489.007
452.163
467.445
507.195
511.445
474.632
452.226
477.164
513.383
507.008
468.538
451.663
483.164
516.039
501.289
461.163
456.351
493.226
517.32
491.382
455.507
462.695
502.57
515.039
480.945
451.913
471.632
510.977
500.289
457.101
459.163
496.883
516.633
486.945
453.226
467.913
508.164
509.945
468.101
453.132
486.164
517.07
499.383
459.82
458.288
497.383
515.602
485.07
452.976
466.913
506.133
514.164
478.101
451.288
473.726
511.352
507.383
467.726
453.476
485.57
515.945
501.57
462.132
456.288
493.883
517.07
487.57
453.851
464.851
504.226
515.508
481.132
451.663
471.038
509.164
509.664
470.382
452.132
481.382
514.789
504.789
465.288
453.163
485.789
516.258
487.539
453.882
466.976
505.758
514.164
479.351
451.601
473.601
513.102
506.039
466.351
454.038
487.914
516.977
498.883
459.507
456.413
494.57
517.289
491.195
455.007
464.757
504.195
514.133
479.82
451.632
470.257
509.508
510.258
472.757
451.694
480.695
514.82
504.289
463.82
453.257
489.632
517.383
495.633
457.538
462.163
500.445
516.883
486.101
452.694
468.226
507.883
511.133
473.351
451.882
478.601
513.914
505.258
464.101
453.382
487.882
517.195
497.351
458.569
458.601
496.32
517.445
489.257
453.569
467.726
506.383
512.852
476.945
451.413
485.882
516.508
498.07
456.507
459.851
498.601
516.195
485.476
452.944
467.851
507.039
511.32
471.288
452.038
482.882
515.664
500.508
460.351
457.507
495.914
516.852
485.476
452.819
469.882
509.133
510.508
472.82
451.788
480.601
514.352
497.664
453.757
467.132
506.445
513.727
477.914
451.538
474.382
511.289
506.445
464.507
454.601
489.195
517.914
498.008
459.007
458.194
496.383
515.664
469.882
452.632
481.476
514.789
504.633
464.195
454.319
489.695
516.852
488.007
453.726
465.913
505.351
514.664
480.632
451.694
473.07
514.352
498.101
458.601
459.851
498.258
516.914
486.445
453.319
467.226
512.039
502.164
463.101
455.476
490.789
517.82
491.914
454.382
467.476
516.383
496.601
457.882
460.132
498.133
516.508
487.851
452.851
471.288
513.945
504.539
464.476
454.319
488.195
517.664
497.226
456.538
470.601
510.164
508.945
471.288
452.163
481.476
514.883
503.789
463.663
453.726
490.007
517.758
493.664
456.351
462.07
500.539
514.977
479.226
451.038
480.726
515.852
501.07
461.851
456.351
491.883
517.914
491.82
454.726
462.163
501.726
515.914
484.382
453.007
468.663
507.133
511.383
473.695
451.351
481.445
515.57
501.695
462.101
455.694
490.789
517.133
488.007
452.288
469.726
508.82
512.32
475.038
451.476
477.289
513.633
502.101
453.507
464.851
504.914
514.352
479.414
451.288
473.07
511.164
507.383
464.601
454.444
490.57
517.539
495.508
456.976
459.851
499.32
515.727
483.851
453.194
468.913
507.851
512.32
476.382
451.101
475.82
515.102
488.414
453.976
465.757
505.008
514.914
479.289
451.351
473.757
512.414
504.539
464.257
454.694
489.851
517.602
496.414
458.007
460.445
499.258
514.789
480.289
452.194
473.57
511.945
509.133
470.132
451.319
481.851
515.539
501.164
462.507
456.132
493.383
518.039
493.133
455.101
461.663
500.476
515.039
483.289
452.569
470.445
509.945
510.82
472.226
450.726
479.195
514.789
504.633
465.32
454.101
489.476
517.07
496.351
456.913
460.101
498.383
516.727
485.976
452.819
468.413
507.726
512.258
474.476
450.788
476.132
513.227
506.82
466.632
453.288
486.945
516.602
498.601
458.444
457.913
496.008
516.883
490.101
454.569
464.476
503.539
514.883
479.882
450.819
477.695
513.164
506.195
466.476
454.007
487.82
516.102
496.914
458.226
460.163
498.32
516.227
486.351
453.288
466.132
505.133
512.633
474.57
451.632
478.226
513.508
505.039
465.351
454.101
487.445
516.07
496.101
456.632
461.07
500.883
516.852
485.07
453.038
468.07
507.383
509.289
470.132
452.101
481.039
515.164
503.57
463.695
454.538
489.632
516.727
490.82
454.569
464.663
504.133
514.102
478.539
451.257
473.32
510.258
504.07
463.038
455.194
490.757
518.164
496.133
457.819
459.601
497.476
516.102
483.164
452.882
468.82
507.914
512.508
476.445
451.132
477.757
516.383
495.101
457.069
461.663
500.664
516.602
485.82
452.507
469.788
511.352
507.195
466.32
453.882
487.882
517.414
498.383
458.132
460.163
500.57
515.695
481.726
452.194
471.976
511.227
509.445
470.945
451.194
484.226
516.414
499.851
461.226
456.413
492.789
517.633
492.883
454.757
466.507
505.633
513.383
479.382
451.351
474.351
511.477
509.133
469.695
451.257
483.476
516.602
501.445
461.82
456.788
493.039
517.07
492.664
455.257
463.382
503.445
514.445
479.945
451.569
472.57
511.383
508.758
469.101
451.788
484.226
516.32
499.914
460.195
456.757
493.133
517.102
488.195
453.944
465.445
505.32
514.039
479.507
451.632
472.382
510.32
500.101
452.819
467.632
507.258
512.789
475.195
451.194
476.976
513.039
491.226
453.007
468.82
508.883
512.32
474.757
451.694
477.164
514.82
491.257
455.257
463.382
502.851
515.602
481.851
452.163
470.351
508.945
505.976
462.882
455.351
492.258
517.57
493.695
456.788
462.038
501.226
512.227
474.601
451.726
477.476
513.945
506.226
466.82
452.663
487.695
516.914
491.382
454.851
463.976
502.758
515.695
482.851
452.132
468.913
512.32
505.914
466.82
453.319
486.132
516.727
501.133
461.038
456.913
495.539
515.945
486.226
453.601
467.445
506.101
513.82
477.57
450.757
477.07
513.477
495.976
457.226
460.726
499.758
516.289
485.101
452.569
467.695
507.32
511.664
474.976
451.788
478.539
514.008
505.133
464.601
456.694
498.414
515.914
485.289
452.913
468.726
507.82
512.414
475.82
450.757
476.695
514.602
504.976
465.413
453.663
488.007
516.539
498.008
458.601
459.757
498.039
516.195
485.695
453.319
467.882
507.039
511.32
470.257
453.444
487.101
516.477
497.164
456.538
462.507
502.008
514.445
481.382
452.569
470.163
508.883
511.227
473.976
452.007
478.945
516.164
499.726
460.476
456.757
493.351
517.758
494.195
456.444
461.038
501.695
514.664
480.101
451.601
471.32
510.227
511.039
473.288
451.569
482.039
507.851
463.288
456.882
494.539
516.008
481.507
451.538
473.195
513.539
506.914
467.82
453.476
484.507
517.258
502.476
463.288
455.007
489.226
517.102
487.414
453.944
466.288
506.195
513.727
478.07
451.319
473.632
510.445
508.289
469.663
452.257
483.914
516.07
502.008
462.445
455.038
490.945
517.32
492.351
455.663
463.038
501.351
516.32
484.601
452.757
467.601
507.914
511.008
473.351
451.882
480.507
515.07
504.601
465.038
453.413
497.164
516.07
486.476
453.257
467.538
507.164
512.664
475.976
450.851
479.039
517.289
493.383
456.382
462.57
501.445
516.102
482.164
450.632
480.101
515.539
500.601
461.257
456.632
492.945
517.414
493.914
453.632
467.632
507.101
511.352
473.945
451.944
477.539
513.477
505.695
465.226
454.101
489.226
517.727
494.57
456.601
461.57
500.226
516.695
485.695
451.976
469.788
509.57
508.289
468.288
452.726
484.632
515.789
499.695
458.476
459.413
496.508
515.477
484.289
452.944
468.382
506.883
511.133
473.132
451.757
478.32
515.133
502.445
462.663
455.257
489.945
517.039
490.57
453.476
466.851
506.539
513.289
477.382
451.444
474.32
511.102
505.633
463.788
455.319
490.914
517.914
494.601
457.132
460.976
500.633
515.383
479.226
451.882
484.32
516.695
499.945
460.132
457.382
494.914
516.102
488.351
455.038
464.038
503.351
514.82
481.07
451.632
471.07
509.539
510.539
472.132
452.444
480.101
514.164
505.164
464.757
453.757
487.882
516.539
497.851
458.163
459.413
497.383
516.914
488.007
453.726
465.663
505.039
513.445
477.757
451.382
475.726
512.727
506.539
466.601
452.413
484.757
516.164
495.226
458.319
460.007
498.695
516.695
487.882
453.507
466.882
511.852
507.039
468.288
453.194
485.664
516.07
500.758
461.382
455.632
495.164
516.539
489.57
454.413
464.695
504.258
513.82
478.257
450.944
481.351
515.852
503.57
464.288
455.194
489.07
517.258
495.883
456.413
460.57
499.351
515.977
486.789
453.194
467.538
507.258
512.32
474.601
450.819
476.289
513.602
505.57
466.632
453.944
486.789
516.477
496.758
457.226
461.038
500.164
515.602
484.195
452.538
469.382
508.133
510.695
473.445
451.663
480.882
514.383
503.383
462.788
454.976
491.07
516.758
484.664
451.757
470.663
510.695
510.914
474.007
451.569
476.664
513.883
505.101
462.507
454.882
490.695
516.695
495.07
457.507
460.226
499.945
515.852
482.882
451.382
471.601
510.352
511.164
472.913
451.976
479.32
513.883
502.664
462.101
455.913
491.976
517.57
494.57
457.288
460.163
499.539
514.977
481.32
451.663
472.226
511.508
510.32
471.82
451.538
481.695
515.258
497.226
456.944
460.945
499.07
517.164
488.726
454.851
464.476
509.945
505.945
467.288
453.069
486.164
516.633
499.883
460.445
456.444
496.508
514.82
482.914
452.257
470.851
510.039
511.102
473.663
451.538
476.226
514.289
503.445
463.82
455.288
490.601
510.602
471.82
451.038
482.82
516.289
501.57
462.257
456.694
493.539
517.539
492.57
454.944
463.632
503.039
514.477
478.976
451.382
474.288
511.945
507.914
467.538
453.757
491.507
517.07
488.789
454.319
464.382
503.476
515.008
480.882
450.507
473.882
515.102
503.695
463.976
453.976
485.476
516.32
499.758
460.945
456.194
490.414
516.664
