512.102
469.476
454.007
495.101
515.789
477.664
452.101
494.601
517.07
485.945
452.632
480.601
516.758
493.914
453.757
472.257
516.383
483.195
460.288
516.164
479.195
451.913
483.539
517.258
492.289
453.007
473.726
514.07
490.726
452.851
470.351
511.164
507.195
453.132
469.195
513.102
507.133
469.195
452.694
481.695
517.008
489.195
456.601
465.507
509.258
507.695
463.007
458.913
502.633
512.32
470.757
455.351
495.601
515.945
477.445
452.132
492.258
516.289
486.476
452.507
479.445
516.695
493.195
452.413
471.007
513.977
501.82
458.538
464.726
509.039
506.664
462.132
458.913
502.226
512.508
470.632
455.101
495.414
515.227
476.789
451.476
487.257
517.227
485.945
452.601
479.976
516.195
492.851
453.007
472.507
513.57
501.258
457.851
465.07
508.508
506.508
460.445
458.976
501.82
512.32
470.132
454.413
495.789
515.07
476.726
452.413
487.664
516.914
485.632
452.319
479.351
516.57
492.789
453.976
471.538
514.008
500.945
457.944
464.663
509.008
503.57
458.663
459.445
503.195
512.133
470.288
454.413
494.57
514.227
477.039
452.382
488.039
517.57
485.539
452.132
479.414
516.352
485.695
453.444
471.913
513.633
501.164
457.569
463.913
508.195
507.133
463.726
459.538
502.726
511.945
469.82
454.288
494.445
515.633
477.695
452.944
487.507
517.852
485.632
451.257
478.507
516.164
494.133
454.444
472.32
513.57
500.82
456.757
464.226
508.07
507.914
463.382
459.57
503.383
511.883
468.788
454.976
497.258
515.914
478.164
452.226
487.695
517.07
485.226
451.569
479.539
516.227
493.883
454.351
471.757
513.57
500.476
457.069
465.132
508.289
507.476
463.726
459.351
502.695
511.695
469.976
454.944
495.258
515.289
477.882
452.569
487.664
516.945
484.539
452.194
479.539
516.914
493.976
454.007
472.101
513.977
500.758
457.663
465.163
508.195
507.758
463.538
459.038
502.82
506.539
461.726
457.132
495.883
516.133
477.945
452.382
486.726
516.727
485.32
452.601
480.57
517.039
493.976
454.069
471.226
513.539
501.039
458.538
464.945
509.602
508.133
463.382
458.601
501.633
511.977
470.663
455.382
495.414
515.945
477.945
451.726
492.789
516.383
485.789
452.569
479.476
516.602
494.07
453.444
471.945
513.133
501.976
458.257
464.695
508.977
507.57
462.913
458.694
501.851
512.477
470.913
455.007
495.726
515.664
477.539
451.913
486.851
517.445
486.226
452.632
479.914
516.633
493.226
453.476
472.257
513.508
501.57
457.882
465.07
508.695
507.851
459.007
463.976
508.477
508.727
469.382
455.538
495.914
515.602
475.82
453.257
488.101
517.883
486.914
452.851
479.539
516.695
494.508
455.257
483.101
516.602
502.32
458.851
465.163
508.539
507.351
463.445
459.538
502.758
512.039
470.726
455.069
497.133
514.789
478.07
452.538
487.195
517.102
486.101
452.038
479.164
515.695
493.351
454.507
471.663
514.039
501.289
457.288
464.195
508.133
507.008
463.945
459.101
502.789
511.945
470.351
454.038
494.008
514.695
478.32
452.319
487.351
517.57
486.007
451.538
478.382
516.602
492.945
454.757
471.726
513.695
501.695
456.976
463.788
507.914
507.476
463.945
458.976
502.57
511.914
470.007
456.319
494.258
515.789
478.507
452.194
487.226
517.07
485.664
451.507
478.882
516.414
494.164
454.163
471.538
514.07
500.976
456.476
468.163
507.914
508.289
463.663
459.007
502.633
512.133
468.945
454.319
495.289
515.852
478.132
452.413
487.382
516.852
483.976
452.194
478.789
517.008
494.195
454.132
470.882
513.57
500.633
458.069
464.726
507.851
507.726
463.538
458.632
502.258
511.414
470.445
455.288
497.445
515.914
478.195
452.944
486.976
515.977
485.539
452.132
479.289
516.32
494.539
454.288
470.726
513.477
499.351
458.194
464.413
508.852
507.883
463.663
458.569
501.07
511.508
471.132
455.288
495.539
516.289
478.476
452.101
486.851
515.82
482.851
452.163
478.945
516.133
494.039
454.038
472.101
513.477
501.57
458.413
464.695
508.945
507.601
463.257
461.788
505.664
512.664
470.476
455.038
495.539
515.633
478.132
451.132
489.82
516.914
486.507
452.257
478.757
516.227
493.351
453.226
470.663
513.102
502.039
458.382
464.07
508.477
507.195
462.726
458.788
501.945
512.133
470.632
454.507
495.258
515.945
477.351
451.632
486.976
517.383
486.507
452.351
479.101
516.477
493.07
453.444
471.507
513.477
501.539
458.507
464.507
508.727
506.633
463.257
459.382
501.945
511.914
470.382
454.476
495.008
515.133
469.07
453.569
487.445
516.883
486.257
452.507
479.195
516.602
494.633
455.007
471.726
513.57
501.226
458.413
464.351
507.789
506.851
463.382
459.57
502.539
512.664
470.695
454.601
494.726
514.82
477.726
452.101
486.632
517.383
486.007
451.569
477.945
516.633
492.195
454.413
471.445
513.945
501.445
457.944
483.664
516.977
493.726
457.788
459.757
502.195
512.383
470.726
453.726
496.851
514.57
478.195
452.038
487.289
517.82
485.976
451.351
478.914
515.602
494.133
455.038
471.32
513.57
501.258
457.757
464.601
507.82
507.851
464.07
458.82
502.226
512.445
469.695
454.319
494.695
515.914
478.632
452.976
486.601
517.32
485.539
452.569
485.226
516.477
494.289
454.351
471.351
513.195
500.789
454.757
466.32
507.977
508.414
463.601
458.632
501.883
511.602
467.163
455.663
495.32
515.727
478.601
452.632
487.039
517.039
485.164
452.069
478.789
516.789
494.445
454.476
470.507
513.414
500.695
458.351
464.851
507.633
508.008
464.038
458.601
501.445
503.758
461.663
457.476
495.351
515.789
478.757
452.101
486.632
516.227
485.07
452.226
479.351
516.539
494.476
453.538
470.788
515.102
499.195
458.632
464.851
508.82
508.383
463.632
458.413
508.633
506.476
468.726
454.944
495.133
515.477
477.789
451.413
489.976
516.633
486.632
452.632
478.82
516.602
493.601
453.663
471.32
513.508
502.039
458.226
464.257
508.289
507.476
463.351
458.538
501.508
512.695
470.788
454.663
494.914
515.383
477.476
451.538
487.07
517.414
486.382
452.476
478.289
516.164
493.601
453.694
471.413
512.82
501.883
458.601
463.507
508.289
504.195
461.038
459.476
507.945
509.82
468.507
454.976
495.601
515.977
478.726
452.632
487.382
517.227
487.039
452.538
478.257
515.664
493.226
454.569
471.538
512.727
501.726
458.476
463.976
508.102
506.945
463.351
459.226
502.57
512.539
470.695
454.569
494.07
515.164
478.132
452.163
487.289
517.977
