15189
16057
16413
15359
14595
15067
16067
16434
15353
14538
15070
16074
16418
15315
14527
15089
16086
16434
15334
14581
15129
16103
16438
15369
14609
15110
16065
16438
15300
14578
15101
16040
16427
15341
14561
15091
16071
16408
15335
14588
15087
16032
16414
15352
14539
15120
16051
16396
15345
14580
15095
16057
16425
15344
14571
15128
16085
16397
15365
14586
15095
16069
16412
15360
14593
15127
16059
16425
15367
14583
15123
16070
16413
15342
14598
15112
16071
16424
15379
14583
15107
16080
16417
15315
14567
15093
16049
16438
15359
14523
15093
16074
16425
15350
14544
15079
16062
16420
15336
14505
15096
16089
16403
15350
14534
15060
16083
16425
15332
14512
15101
16100
16423
15350
14541
15053
16073
16428
15308
14543
15075
16094
16436
15324
14547
15078
16119
16455
15334
14567
15078
16092
16466
15356
14523
15091
16116
16430
15348
14537
15066
16092
16443
15344
14534
15095
16102
16429
15377
14550
15062
16089
16426
15334
14547
15105
16076
16435
15373
14533
15078
16072
16427
15340
14580
15096
16053
16430
15378
14534
15082
16073
16408
15350
14537
15073
16060
16426
15371
14503
15086
16079
16412
15345
14531
15071
16059
16431
15370
14524
15080
16065
16390
15374
14561
15062
16056
16428
15365
14551
15091
16068
16405
15367
14539
15062
16055
16429
15333
14556
15073
16068
16416
15376
14575
15050
16079
16423
15340
14559
15084
16049
16431
15374
14506
15071
16063
16414
15372
14547
15061
16057
16414
15372
14516
15072
16054
16397
15381
14547
15056
16044
16416
15360
14542
15091
16054
16402
15382
14536
15050
16034
16411
15333
14543
15073
16048
16423
15402
14521
15058
16069
16397
15356
14546
15073
16048
16412
15379
14516
15081
16069
16405
15388
14533
15054
16046
16428
15371
14548
15075
16049
16399
15381
14551
15055
16072
16426
15355
14557
15083
16059
16422
15377
14537
15051
16054
16410
15352
14559
15074
16030
16429
15377
14528
15068
16044
16404
15357
14537
15064
16057
16430
15371
14506
15087
16072
16396
15383
14534
15045
16046
16417
15371
14539
15076
16052
16400
15380
14520
15046
16030
16410
15366
14542
15075
16036
16417
15379
14520
15069
16047
16399
15337
14551
15060
16030
16418
15380
14526
15077
16038
16394
15400
14560
15056
16016
16412
15386
14552
15069
16042
16401
15387
14548
15055
16037
16422
15361
14566
15080
16042
16403
15389
14550
15055
16032
16395
15357
14562
15066
16023
16411
15400
14531
15051
16050
16409
15368
14552
15057
16030
16421
15387
14531
15078
16056
16376
15403
14546
15037
16014
16414
15383
14534
15079
16033
16391
15390
14540
15035
16013
16399
15354
14538
15056
16015
16403
15393
14547
15030
16007
16402
15370
14556
15066
16030
16410
15396
14520
15067
16034
16376
15416
14544
15032
16016
16423
15382
14544
15060
16029
16394
15395
14553
15050
16031
16413
15358
14555
15065
16037
16390
15389
14532
15041
16039
16420
15352
14567
15059
16012
16408
15396
14532
15073
16042
16383
15376
14566
15052
16013
16419
15394
14535
15062
16040
16366
15397
14551
15049
16041
16414
15393
14541
15070
16053
16404
15419
14558
15063
16019
16411
15367
14578
15064
16025
16411
15411
14570
15050
16043
16419
15404
14585
15067
16004
16419
15413
14527
15085
16048
16403
15419
14576
15067
16017
16427
15416
14564
15083
16035
16384
15428
14579
15071
16028
16421
15403
14582
15092
16029
16407
15419
14579
15061
16012
16413
15393
14589
15073
16015
16429
15416
14576
15060
16051
16398
15384
14590
15076
16005
16420
15408
14559
15097
16043
16397
15402
14587
15071
16024
16422
15422
14568
15089
16023
16373
15410
14576
15060
15988
16427
15416
14588
15083
16020
16394
15423
14575
15062
15993
16412
15389
14595
15077
16010
16416
15424
14558
15062
16027
16399
15399
14586
15063
16003
16418
15419
14551
15084
16014
16368
15409
14585
15074
15997
16414
15397
14566
15075
16019
16369
15413
14572
15048
15995
16392
15392
14597
15077
16003
16401
15405
14569
15058
16001
16412
15386
14595
15076
15988
16415
15411
14565
15067
16005
16389
15401
14588
15061
15987
16413
15410
14543
15082
16013
16362
15420
14591
15061
15996
16395
15416
14581
15071
16010
16404
15416
14584
15081
16000
16416
15390
14598
15083
15998
16398
15429
14580
15066
16026
16389
15397
14607
15065
16015
16426
15427
14570
15080
16018
16391
15425
14592
15071
16019
16416
15420
14575
15085
16022
16382
15431
14594
15052
16015
16421
15421
14606
15082
16006
16422
15437
14601
15058
16028
16409
15412
14620
15091
16004
16400
15444
14583
15077
16031
16413
15418
14605
15075
16003
16411
15442
14578
15084
16025
16393
15433
14609
15068
16000
16430
15421
14568
15091
16018
16393
15433
14594
15051
16006
16426
15411
14607
15080
16010
16427
15437
14583
15052
16035
16425
15389
14595
15068
15988
16427
15428
14566
15078
16023
16405
15410
14581
15065
16000
16424
15428
14550
15086
16018
16366
15419
14588
15050
16022
16412
15422
14576
15075
16014
16412
15432
14595
15046
16020
16428
15397
14602
15088
16001
16411
15435
14569
15051
16038
16422
15416
14593
15076
15996
16437
15435
14558
15076
16028
16415
15421
14599
15058
16026
16423
15411
14562
15087
16021
16398
15438
14585
15047
16016
16427
15413
14594
15080
15997
16377
15449
14600
15075
16024
16421
15420
14597
15077
16004
16419
15430
14575
15061
16011
16412
15403
14585
15068
16002
16420
15425
14568
15089
16024
16391
15424
14591
15065
15997
16432
15417
14567
15084
16009
16404
15442
14591
15045
15979
16422
15406
14580
15077
16001
16394
15436
14589
15046
15986
16412
15374
14588
15078
15987
16422
15439
14569
15062
15998
16403
15420
14583
15045
15989
16409
15424
14557
15082
16000
16379
15451
14599
15054
15988
16417
15421
14588
15067
15987
16384
15447
14586
15059
15996
16424
15410
14593
15060
16006
16400
15430
14585
15048
16000
16396
15416
14593
15059
15987
16414
15447
14565
15082
15989
16395
15436
14592
15048
15993
16413
15450
14570
15086
15999
16381
15446
14589
15050
15996
16394
15438
14595
15066
15990
16388
15449
14598
15040
15979
16427
15426
14606
15056
15989
16431
15451
14573
15068
16019
16403
15412
14596
15050
16004
16408
15440
14558
15071
15996
16364
15441
14582
15053
15988
16401
15430
14563
15061
15997
16379
15426
14578
15023
15975
16406
15414
14566
15054
15997
16400
15420
14566
15037
15973
16395
15393
14572
15053
15970
16396
15420
14551
15034
16019
16401
15422
14557
15037
15987
16401
15430
14514
15040
16008
16367
15421
14537
15019
15999
16405
15414
14548
15039
16005
16394
15417
14541
15006
15999
16416
15407
14551
15026
15999
16390
15438
14533
15013
16016
16401
15417
14548
15030
15981
16392
15437
14505
15031
16009
16398
15418
14559
15015
15982
16408
15422
14527
15039
16016
16347
15427
14553
14998
16003
16399
15430
14551
15037
16003
16386
15447
14537
15015
15995
16403
15409
14564
15040
16004
16422
15449
14532
15038
16012
16381
15411
14561
15016
15990
16421
15442
14522
15036
16018
16386
15439
14564
15025
15997
16404
15426
14550
15042
16010
16363
15442
14557
15014
15993
16390
15419
14571
15046
15998
16393
15453
14563
15026
15995
16391
15371
14570
15040
15974
16408
15459
14553
15050
16013
16387
15439
14580
15049
15986
16397
15464
14557
15045
16005
16361
15455
14574
15023
16000
16389
15439
14579
15048
15999
16391
15451
14572
15037
15997
16416
15435
14590
15040
15991
16388
15454
14582
15042
16012
16390
15435
14576
15040
15988
16415
15469
14556
15054
16017
16380
15473
14593
15048
15992
16402
15458
14557
15054
16010
16368
15448
14577
15026
16009
16401
15457
14601
15065
15992
16395
15463
14596
15039
16000
16393
15422
14607
15059
15980
16410
15494
14568
15066
16010
16396
15466
14600
15045
15997
16407
15475
14598
15079
16009
16379
15483
14586
15031
16004
16396
15459
14595
15062
15999
16392
15471
14590
15032
15997
16397
15442
14605
15060
15998
16421
15482
14584
15046
16021
16407
15439
14597
15038
15997
16409
15482
14562
15068
16013
16371
15476
14594
15041
15995
16408
15472
14582
15073
16002
16384
15473
14601
15027
16023
16400
15459
14613
15056
16012
16406
15473
14594
15029
16019
16389
15446
14612
15059
15988
16400
15477
14561
15050
16011
16387
15474
14599
15028
15990
16402
15470
14590
15075
16011
16367
15487
14593
15039
16003
16411
15470
14581
15053
16012
16377
15476
14605
15018
16001
16393
15431
14590
15035
15977
16389
15470
14595
15026
16010
16376
15449
14588
15025
15977
16411
15476
14559
15044
15996
16371
15453
14613
15039
15987
16397
15451
14563
15034
16008
16359
15469
14597
15009
16000
16406
15446
14598
15039
15993
16384
15459
14596
15036
15980
16401
15432
14598
15034
15980
16389
15471
14600
15032
16009
16383
15443
14604
15040
15972
16411
15470
14571
15052
16002
16368
15465
14600
15023
15985
16400
15470
14566
15045
15997
16339
15469
14612
15026
16002
16389
15449
14603
15045
16003
16378
15472
14595
15024
15986
16383
15432
14609
15038
15982
16384
15465
14587
15042
16006
16393
15438
14598
15030
15984
16385
15484
14577
15043
16002
16364
15456
14609
15029
15986
16396
15449
14581
15038
15997
16353
15452
14588
14987
15988
16388
15444
14606
15037
16000
16404
15451
14599
15017
16023
16397
15433
14619
15033
16004
16383
15488
14568
15058
16019
16369
15477
14602
15032
16009
16395
15479
14586
15049
15998
16374
15468
14617
15013
15991
16397
15452
14635
15058
16096
16397
15497
14637
15039
16021
16398
15454
14627
15054
16063
16414
15502
14597
15039
16034
16419
15461
14629
15048
16002
16428
15487
14578
15048
16030
16395
15477
14639
15031
15998
16428
15501
14595
15061
16022
16386
15504
14628
15021
16015
16414
15451
14637
15053
16009
16425
15492
14619
15024
16029
16399
15452
14615
15037
16001
16401
15481
14594
15021
16019
16380
15471
14630
15026
16000
16415
15459
14578
15033
16021
16385
15479
14613
15018
15978
16421
15398
14570
15042
16017
16383
15475
14619
15003
16008
16396
15457
14621
15040
16021
16387
15456
14598
15039
16019
16401
15456
14624
15033
15975
16407
15465
14582
15024
15994
16367
15450
14612
15015
15970
16398
15459
14589
15034
16000
16348
15454
14613
15014
15992
16398
15465
14602
15022
16002
16382
15467
14608
15010
15999
16395
15450
14609
15018
15991
16404
15485
14605
15006
16002
16377
15432
14610
15032
15965
16410
15486
14589
15046
16003
16372
15468
14616
15019
15970
16393
15480
14580
15031
15984
16363
15478
14610
15002
15980
16393
15453
14608
15045
16000
16381
15478
14620
15005
15978
16393
15437
14625
15030
15994
16391
15483
14593
15013
15976
16400
15432
14627
15042
15968
16392
15473
14588
15018
16003
16381
15448
14612
15020
15980
16403
15472
14583
15044
15988
16357
15496
14610
15005
15980
16407
15467
14604
15036
15991
16375
15473
14607
14991
15986
16377
15450
14610
15032
15978
16387
15471
14596
15008
16009
16379
15450
14625
15017
15969
16387
15480
14590
15025
15992
16369
15466
14619
15023
15982
16404
15473
14585
15048
15993
16369
15473
14629
15008
16009
16397
15459
14621
15042
15981
16369
15478
14618
15010
15991
16393
15449
14627
15037
15997
16398
15486
14602
15035
16008
16384
15467
14620
15026
15990
16404
15492
14590
15041
15995
16372
15494
14629
15011
15976
16386
15477
14602
15042
16008
16383
15494
14616
15012
16002
16408
15457
14625
15036
16004
16391
15500
14610
15003
16008
16400
15452
14626
15047
15987
16399
15492
14597
15025
16027
16393
15475
14630
15048
15980
16401
15489
14582
15046
15992
16373
15486
14620
14997
16005
16401
15471
14615
15046
16004
16375
15478
14618
15002
15969
16403
15454
14620
15035
15990
16372
15485
14600
15028
15994
16391
15469
14624
15018
15977
16391
15492
14582
15028
15995
16360
15490
14620
15011
15988
16396
15473
14588
15032
15997
16367
15494
14616
14985
15984
16377
15471
14606
15019
15994
16394
15493
14602
14992
16004
16380
15440
14623
15020
15967
16405
15486
14570
15024
16008
16369
15490
14619
15006
15981
16380
15493
14585
15019
15994
16361
15470
14614
14996
16015
16394
15492
14605
15017
15985
16359
15479
14615
14998
15983
16393
15430
14615
15006
15984
