475.57
481.195
481.039
481.914
482.445
482.445
481.007
481.695
481.664
482.414
482.351
482.539
482.726
482.976
482.351
482.664
482.132
482.32
482.132
482.164
482.507
482.82
482.82
482.476
481.757
482.414
482.445
482.601
482.695
482.945
482.882
482.226
482.132
482.195
481.57
482.164
481.695
482.632
482.757
482.789
482.476
482.164
482.07
481.632
482.132
482.445
482.82
482.789
482.476
482.382
482.226
482.226
482.07
482.007
483.351
482.632
482.601
481.976
482.007
481.57
481.82
481.82
482.507
482.664
482.882
482.695
482.039
482.195
481.57
481.664
482.382
482.757
482.789
482.632
482.382
482.445
481.445
481.882
481.664
482.539
482.82
482.664
482.57
482.507
482.07
481.539
481.726
481.789
482.726
482.726
482.195
481.914
482.257
482.132
482.101
482.226
482.632
482.851
482.632
482.507
482.414
481.539
481.601
482.164
482.632
482.226
482.789
482.507
482.226
481.664
481.632
481.664
482.539
482.82
482.757
482.726
482.507
482.414
482.07
481.601
482.164
482.507
482.757
482.757
482.507
481.789
481.976
481.82
482.257
482.507
482.757
482.757
482.601
482.507
481.539
481.601
481.851
481.664
482.945
482.507
482.601
482.601
481.851
481.601
481.976
481.757
482.476
482.945
482.414
482.726
482.07
481.601
481.132
482.32
481.757
482.789
482.164
482.07
482.414
481.664
481.695
482.195
482.632
482.945
481.695
482.57
482.757
482.101
481.57
482.039
482.164
482.695
482.789
482.57
482.914
482.757
481.757
482.07
482.195
482.445
482.882
482.507
482.32
482.82
482.414
482.32
481.601
482.507
482.789
482.632
482.57
482.789
482.382
482.195
481.601
481.695
482.132
482.695
482.382
482.789
482.601
481.632
482.132
482.445
482.226
482.789
481.726
482.726
482.726
482.039
481.601
481.476
481.57
482.539
481.789
482.664
482.82
482.632
482.226
481.695
482.289
482.039
482.664
482.351
482.726
482.164
481.664
482.007
481.882
481.726
482.695
481.82
482.226
482.664
481.789
481.601
481.664
482.726
482.789
482.507
482.664
482.195
482.351
481.632
481.695
482.476
482.039
482.882
483.007
482.726
482.164
481.601
482.132
481.726
482.507
482.539
482.789
482.226
482.695
481.632
481.539
481.789
482.351
482.539
482.289
482.632
482.539
482.476
481.82
480.507
481.601
482.57
482.101
482.195
482.632
482.632
481.632
482.007
482.32
482.32
482.82
482.476
482.382
482.664
482.476
481.632
481.539
481.789
482.257
482.445
482.57
482.632
482.164
481.726
482.007
482.226
481.882
482.726
482.414
482.726
482.632
482.195
482.32
482.132
482.039
482.57
482.382
482.632
482.632
482.476
481.664
482.007
482.382
482.382
482.632
482.07
482.757
482.539
481.726
482.257
482.007
482.57
482.632
482.289
482.945
482.226
482.226
482.164
482.195
482.539
482.726
481.945
482.664
482.757
482.195
482.195
481.601
482.195
482.601
482.601
481.757
482.195
482.539
481.382
481.476
482.382
482.132
482.07
482.57
482.414
482.632
482.132
482.07
482.164
482.414
482.664
481.882
482.789
483.039
482.601
481.945
481.632
482.507
482.539
482.664
482.476
482.851
482.57
482.539
481.789
482.476
482.164
482.82
482.445
483.32
482.851
482.32
481.664
481.695
482.507
482.32
482.351
482.32
482.789
481.945
482.289
481.601
482.101
482.382
482.414
482.57
483.007
482.726
482.257
482.132
481.757
481.851
482.226
482.57
482.976
482.82
482.101
482.226
481.882
482.632
482.914
482.507
482.789
482.757
482.539
482.476
482.164
481.789
482.695
482.476
482.226
482.757
481.976
482.257
482.101
482.351
482.664
482.632
482.664
482.945
482.539
482.195
482.07
481.664
482.695
482.789
481.726
482.82
482.132
482.164
481.664
481.945
482.445
482.914
482.601
482.601
481.976
481.632
481.664
481.789
482.632
482.226
482.82
482.632
482.507
481.945
481.601
482.039
481.601
482.101
482.695
482.726
482.664
482.539
481.476
482.039
481.601
482.195
482.695
482.289
482.601
482.57
482.257
481.539
482.32
482.507
482.476
482.945
482.82
482.601
482.007
481.539
481.632
482.195
482.195
482.789
482.695
482.664
482.445
482.07
482.039
481.57
481.726
482.32
482.445
482.726
482.664
482.476
482.101
481.539
482.414
482.851
482.132
481.664
482.07
482.101
482.101
481.601
481.664
482.789
482.914
482.382
482.101
482.57
481.664
481.57
481.695
482.289
482.851
482.507
482.195
482.726
481.695
481.664
482.07
482.32
481.914
482.882
482.789
482.882
482.632
482.132
482.007
482.445
482.039
482.32
482.695
482.757
482.507
481.351
481.476
481.882
481.851
482.914
482.007
482.539
482.601
481.632
481.632
481.664
482.382
482.101
483.039
482.82
482.57
482.57
480.757
481.945
481.695
482.57
482.757
482.257
482.757
482.601
481.57
481.976
482.289
482.507
482.195
482.882
482.226
482.57
481.82
481.976
482.101
482.414
482.695
482.632
482.195
482.664
482.601
482.101
481.601
481.601
482.507
482.851
482.414
482.726
482.664
481.789
481.507
482.164
482.257
482.757
482.601
481.757
482.539
481.882
482.101
481.851
481.664
482.664
482.132
482.007
482.726
482.164
481.664
481.57
482.132
482.695
482.82
482.351
482.601
482.757
482.414
481.601
482.164
482.132
482.914
482.382
482.632
482.664
482.414
481.57
482.101
481.82
482.695
482.632
482.132
482.695
482.164
481.726
482.226
482.382
482.789
482.476
482.289
482.164
482.007
482.32
481.632
482.507
482.507
482.757
482.789
482.57
482.476
481.695
482.039
481.664
482.32
482.539
482.882
482.757
481.976
481.757
481.726
482.226
482.414
482.289
482.82
482.726
482.57
481.664
481.507
481.132
482.132
482.07
482.82
482.789
482.632
482.476
481.664
481.539
482.132
482.289
482.726
482.789
482.726
482.32
481.664
482.007
482.257
482.257
483.007
482.882
482.82
482.476
482.414
482.164
482.101
481.695
482.757
482.882
482.882
482.601
482.476
482.132
481.57
482.226
482.632
482.789
482.289
482.164
482.476
481.57
481.32
481.632
482.382
482.726
482.851
482.226
482.601
482.101
482.101
481.57
481.789
482.882
482.757
482.351
482.195
482.351
482.195
481.632
481.57
481.757
482.914
482.351
482.664
482.414
481.789
482.101
482.164
481.882
482.914
482.757
482.195
482.351
481.789
481.632
481.664
482.164
482.726
482.789
482.226
482.507
481.757
481.882
481.507
481.664
482.726
482.789
482.226
482.039
482.132
481.539
482.351
481.632
482.57
482.414
482.82
482.507
482.414
482.132
481.726
482.226
482.476
482.882
482.601
482.632
482.445
482.164
482.32
482.195
482.226
482.726
482.82
482.539
481.945
482.164
481.57
481.851
482.289
482.257
482.82
482.507
482.351
481.82
482.039
482.07
481.57
481.789
482.757
482.726
482.57
482.507
482.289
482.226
481.664
482.476
482.789
482.82
482.539
482.476
482.101
482.164
482.226
481.632
482.789
482.257
482.539
482.414
481.539
482.07
482.257
482.07
482.726
482.851
482.289
481.914
482.164
481.476
482.164
481.632
482.382
483.007
482.82
482.57
481.882
481.57
482.101
481.695
482.289
482.914
482.851
482.164
482.382
481.57
481.601
482.32
482.632
482.789
482.257
482.382
482.414
481.726
482.039
482.164
482.539
482.382
482.726
482.164
482.476
481.57
482.007
481.601
482.601
481.789
482.789
482.726
482.351
482.257
481.632
482.257
482.726
482.601
482.695
482.726
482.007
481.632
481.414
481.632
482.664
482.507
482.664
482.914
482.664
482.382
481.632
481.851
482.289
482.695
482.226
482.757
482.726
481.976
481.601
482.039
481.851
482.289
482.132
482.101
482.789
482.57
481.664
481.882
481.57
482.601
482.695
481.695
482.632
482.664
481.726
482.226
482.226
482.726
482.82
482.257
482.195
482.195
481.57
481.57
482.195
482.507
482.726
482.976
482.757
481.976
481.601
482.132
482.164
482.195
482.539
482.289
482.726
482.476
482.257
481.664
482.101
482.101
482.539
482.851
482.882
482.132
482.539
481.539
481.507
482.382
481.914
482.164
482.726
482.664
482.476
482.07
481.414
482.164
481.882
482.632
482.82
482.726
482.476
482.445
481.601
481.664
481.757
482.039
482.695
482.789
482.539
482.257
481.539
481.976
482.195
482.632
483.007
482.445
482.664
482.632
481.726
482.195
481.882
482.132
482.601
482.414
482.726
482.57
481.976
481.57
481.539
482.164
482.507
482.82
482.789
482.601
482.226
481.382
481.507
481.695
482.07
482.789
482.726
482.664
482.507
482.257
481.601
482.132
481.726
482.664
482.757
482.632
482.507
481.976
482.039
481.101
482.132
481.914
482.757
482.664
482.132
482.476
482.132
481.57
482.101
482.445
482.257
482.757
482.632
482.632
482.226
481.945
481.601
481.695
482.632
482.851
482.57
482.601
482.257
481.601
482.164
481.726
482.445
482.32
482.757
482.601
481.976
481.445
482.039
482.257
482.07
482.882
482.882
482.851
482.664
482.195
482.132
482.601
482.007
482.82
482.257
482.664
482.507
482.257
481.476
482.101
481.695
482.539
482.601
482.039
482.507
482.257
481.57
481.539
482.289
482.07
482.257
482.07
482.476
481.976
482.351
482.164
482.226
482.32
482.789
482.757
482.132
481.945
481.882
481.601
481.664
482.32
482.757
482.757
482.664
482.507
482.414
481.851
482.007
482.257
482.664
482.851
482.789
482.507
482.351
481.539
482.195
481.57
482.601
482.851
482.851
482.195
482.539
482.226
482.164
482.476
482.351
482.726
482.726
482.164
482.507
481.726
481.382
481.601
482.195
482.257
482.726
482.695
482.507
482.257
482.007
481.789
481.57
482.101
482.945
482.257
482.07
481.757
481.57
481.664
481.664
482.507
482.757
482.695
482.476
481.914
481.664
481.445
482.164
481.726
482.726
482.195
482.601
482.382
482.164
482.07
481.445
482.257
482.882
482.632
482.57
482.32
482.351
482.07
481.601
481.789
482.539
482.757
482.539
482.07
482.57
481.664
481.57
481.632
482.007
482.82
482.726
482.507
482.382
482.226
481.476
481.695
481.976
482.757
482.945
482.695
482.476
482.195
481.445
481.632
482.164
482.601
482.789
482.226
482.507
482.257
481.601
482.195
482.101
482.57
482.789
482.195
482.445
482.507
481.539
481.601
481.726
482.445
482.914
482.757
482.601
482.351
482.132
482.445
481.789
482.57
482.914
482.82
482.164
481.945
482.07
482.257
482.195
482.507
483.039
482.976
482.195
481.539
482.195
482.507
482.101
482.132
482.695
482.789
482.476
481.882
482.101
482.507
482.57
482.695
482.757
482.851
482.226
482.351
482.101
481.757
482.32
482.57
482.414
482.757
482.882
482.414
482.195
481.57
481.632
482.726
482.414
482.507
482.757
482.601
481.914
481.07
482.07
481.945
482.164
482.445
482.039
482.101
482.039
481.632
481.507
482.351
482.757
482.539
482.507
482.726
482.257
482.101
482.132
481.851
482.726
482.476
482.445
482.195
481.945
481.664
481.945
481.664
482.757
482.164
482.257
482.757
482.382
481.757
482.039
482.195
482.007
482.382
482.132
482.57
482.257
481.726
482.101
482.132
482.289
482.257
482.601
482.539
482.757
482.289
482.32
482.132
481.632
482.039
482.164
482.476
482.164
482.101
482.382
481.601
481.101
482.164
482.664
481.695
482.132
482.695
482.476
482.07
482.101
482.476
482.726
482.382
482.539
482.757
482.07
482.32
481.539
482.289
482.664
482.07
482.195
482.601
482.539
482.101
481.601
481.882
482.476
482.695
482.007
482.507
482.632
481.664
481.601
481.851
482.507
482.664
482.726
482.632
482.507
482.476
482.101
481.382
481.945
482.414
482.914
482.726
482.226
482.539
482.007
482.101
482.289
482.539
482.695
482.226
482.695
482.57
481.539
481.601
482.132
482.382
482.601
482.226
482.664
482.57
481.57
481.632
481.632
482.445
482.476
482.789
482.726
482.101
481.82
481.476
482.007
482.101
482.289
482.882
482.757
482.289
482.039
481.882
481.976
481.601
482.007
482.757
482.757
482.32
482.601
481.695
481.601
481.664
481.726
482.257
482.664
481.601
482.382
482.257
481.57
481.601
482.132
481.851
482.289
482.32
482.726
482.132
481.57
481.632
482.226
482.476
482.757
482.757
482.695
482.57
482.414
482.101
481.445
481.664
481.726
482.195
482.007
482.507
481.882
481.789
481.601
481.445
482.539
482.164
482.726
482.664
482.476
481.57
481.445
481.632
482.195
482.632
482.789
482.164
482.476
482.351
482.414
481.695
482.32
482.82
482.695
482.539
481.789
481.789
482.039
482.132
482.164
482.226
482.226
482.726
482.539
482.32
481.539
482.101
482.101
482.007
482.695
482.226
482.601
482.257
481.601
482.164
482.164
482.007
482.914
482.726
482.507
482.507
482.226
482.07
482.164
482.539
482.789
482.601
482.695
482.039
482.132
481.507
481.664
481.851
482.289
482.664
482.539
482.382
481.57
481.601
481.664
482.195
482.664
482.789
482.664
482.382
482.476
481.539
482.164
482.164
482.32
482.757
482.726
482.007
482.351
481.726
481.601
482.101
481.695
482.757
482.57
482.632
481.945
482.57
482.632
482.07
482.414
483.445
482.882
482.726
482.039
482.164
482.101
481.82
482.07
482.164
482.289
482.101
481.851
482.101
481.476
481.664
482.351
482.32
482.789
482.632
482.039
482.382
481.695
481.601
482.289
481.664
482.757
482.695
482.57
481.882
481.601
481.539
481.632
481.632
482.195
482.664
482.476
482.414
482.101
481.07
481.632
481.82
482.507
482.914
482.695
482.507
481.976
482.07
482.07
482.32
481.789
482.82
482.726
482.07
482.039
482.164
482.101
482.476
481.726
482.789
482.82
482.195
482.57
481.664
481.664
481.789
481.632
482.726
482.195
482.664
482.476
482.132
482.039
481.726
482.414
482.601
482.695
482.726
481.976
482.257
482.039
481.695
481.664
482.351
482.757
482.226
482.257
481.851
481.601
482.132
482.507
482.351
482.445
482.632
482.57
482.414
482.101
482.07
482.351
482.195
482.289
482.132
482.632
482.539
481.632
481.32
481.664
482.101
482.289
482.601
482.164
482.382
482.289
482.257
482.445
482.257
481.945
482.695
482.851
482.382
482.539
481.632
482.257
482.57
481.945
482.257
482.132
482.039
482.289
481.539
482.195
482.476
482.664
481.664
482.226
482.632
481.789
482.257
481.789
482.601
482.757
482.382
482.57
482.726
481.695
482.164
481.601
481.882
482.695
482.601
481.976
482.132
482.132
482.414
482.132
482.039
482.351
482.601
482.289
482.101
482.257
481.664
481.57
481.664
482.007
482.257
482.476
482.132
482.726
482.57
481.664
481.57
482.226
482.445
482.632
482.32
482.664
481.976
482.164
481.57
482.289
481.976
482.695
482.132
482.695
482.601
482.195
481.601
482.132
482.039
482.726
482.476
482.507
482.57
482.351
482.445
481.976
482.414
482.601
482.382
482.414
482.632
482.476
481.507
481.632
481.664
482.289
482.789
482.257
482.632
482.539
482.351
481.539
481.664
481.945
482.632
482.351
482.601
482.07
481.789
481.789
482.132
481.632
481.82
482.726
482.726
482.726
481.976
481.382
482.101
482.07
482.507
482.789
482.82
482.757
482.507
481.445
481.539
481.851
482.476
482.664
482.695
482.351
482.695
482.289
481.507
481.789
481.82
482.539
482.664
482.539
482.601
482.039
482.039
481.57
482.32
482.476
482.757
482.226
482.632
481.976
481.476
481.632
482.257
482.32
482.757
482.664
482.539
482.039
481.726
481.476
481.789
482.382
482.226
482.789
482.726
482.57
482.351
481.632
482.132
482.507
481.976
482.789
482.82
482.507
481.976
481.57
481.601
482.164
482.32
482.195
482.757
482.726
482.57
482.101
481.445
481.632
482.132
482.695
482.757
482.695
482.07
481.57
482.039
481.601
482.507
482.164
482.851
482.664
481.945
482.445
482.007
481.726
481.695
482.757
482.195
482.632
482.445
482.382
481.539
481.57
482.257
482.32
482.882
482.195
481.976
482.289
482.07
481.601
482.195
482.32
482.757
482.695
482.101
481.882
482.226
482.07
481.507
482.164
482.695
482.664
482.632
482.445
481.882
481.539
481.601
482.226
482.632
482.851
482.664
482.539
482.289
481.57
481.632
482.164
482.289
482.851
482.695
482.132
482.507
481.757
482.132
481.601
481.976
482.726
482.789
482.164
482.351
482.132
481.476
481.601
482.164
482.664
482.695
482.757
482.132
481.664
481.476
481.664
481.632
482.007
482.757
482.882
482.476
481.976
481.57
481.601
482.039
482.539
482.757
482.226
482.695
482.507
481.664
481.632
482.164
481.632
482.57
482.664
482.164
482.257
481.664
481.976
481.507
482.101
482.601
482.851
482.632
482.632
482.476
481.695
481.695
481.632
482.382
482.757
482.601
482.507
482.507
482.226
482.351
482.445
482.382
482.757
482.726
482.507
482.007
481.726
481.632
482.382
481.882
482.226
482.695
482.664
481.945
481.601
481.507
481.726
482.132
482.726
482.195
482.57
482.039
482.414
481.57
482.195
482.07
482.32
482.32
482.601
482.289
482.289
481.976
481.789
482.382
482.164
482.695
482.695
482.507
481.695
481.507
481.507
481.664
482.226
482.195
482.257
482.695
482.132
482.132
481.976
481.726
481.882
482.476
482.289
482.757
482.664
481.882
481.507
482.132
482.32
482.164
482.789
482.289
482.007
482.601
482.164
481.632
482.414
482.07
482.695
482.757
481.789
481.132
481.632
481.82
482.039
482.507
482.445
482.726
482.539
482.476
481.57
481.726
482.445
482.57
482.226
482.757
481.976
482.226
481.632
481.57
481.789
482.695
482.539
482.726
482.226
482.289
482.195
482.132
481.664
482.664
482.039
481.726
482.195
482.445
482.351
482.007
482.195
482.101
482.664
481.914
482.726
482.632
481.976
481.476
481.632
482.257
482.257
482.382
482.07
482.632
481.695
482.132
481.789
482.507
482.664
482.32
481.82
482.695
482.445
482.132
482.132
481.914
482.382
482.539
482.601
482.601
481.851
482.257
481.57
482.289
481.976
482.945
481.914
482.726
482.695
482.445
481.601
481.726
482.039
482.57
482.82
482.757
482.195
482.414
481.882
482.289
481.789
481.914
482.726
482.351
482.226
482.007
481.664
481.57
481.07
482.289
482.726
482.789
482.664
482.507
481.632
481.601
481.664
481.757
481.914
482.289
482.632
482.601
481.851
481.57
482.195
481.851
482.601
482.695
482.757
482.007
482.476
482.101
481.976
481.695
482.132
482.632
482.882
482.539
482.007
481.351
481.445
481.664
482.539
482.164
482.757
482.601
482.07
482.351
481.601
481.601
481.757
482.007
482.757
482.101
481.976
481.882
482.07
481.539
481.632
482.32
482.32
482.757
482.601
482.039
481.539
482.132
481.101
482.195
482.726
482.757
482.757
482.476
482.257
482.007
481.601
482.414
482.101
482.32
482.382
482.726
482.101
481.664
481.757
482.289
482.476
482.257
482.257
482.726
482.539
481.539
481.07
481.632
482.382
482.164
482.726
482.695
482.476
481.695
481.539
481.601
481.789
482.507
482.539
482.726
482.57
482.476
481.445
481.507
482.101
482.445
482.757
482.226
482.57
482.039
481.007
481.57
481.695
482.632
482.195
482.226
482.632
482.414
481.601
481.507
482.07
481.789
482.57
482.757
482.007
482.507
481.82
